"Date","Time, GMT+11:00","Temp, ¡C (SEN S/N: 9818222, LBL: Ambient)","RH, % (SEN S/N: 9818222)","DewPt, ¡C (SEN S/N: 9818222)","Temp, ¡C (SEN S/N: 9824748, LBL: 3cmBG)","Water Content, m?/m? (SEN S/N: 9833766, LBL: 10cmBG)"
10-11-2012,15:52:22,19.365,48.000,8.1,22.896,0.2676
10-11-2012,16:52:23,16.439,52.700,6.8,21.270,0.2668
10-11-2012,17:52:24,16.892,53.300,7.4,18.842,0.2661
10-11-2012,18:52:25,10.736,58.200,2.9,16.249,0.2654
10-11-2012,19:52:26,3.670,75.800,-0.2,13.161,0.2647
10-11-2012,20:52:27,0.852,87.500,-1.0,10.565,0.2639
10-11-2012,21:52:28,-0.367,89.400,-1.9,8.693,0.2632
10-11-2012,22:52:29,-2.479,86.600,-4.4,7.167,0.2625
10-11-2012,23:52:30,-4.560,84.200,-6.8,5.745,0.2625
11-11-2012,00:52:31,-5.760,83.500,-8.1,4.558,0.2618
11-11-2012,01:52:32,-5.418,83.700,-7.7,3.643,0.2618
11-11-2012,02:52:33,-3.094,87.700,-4.9,3.168,0.2610
11-11-2012,03:52:34,-1.842,88.400,-3.5,3.116,0.2610
11-11-2012,04:52:35,-1.441,87.200,-3.3,3.009,0.2603
11-11-2012,05:52:36,-0.367,86.100,-2.4,2.850,0.2603
11-11-2012,06:52:37,1.453,86.000,-0.6,2.956,0.2596
11-11-2012,07:52:38,6.000,79.100,2.7,3.459,0.2596
11-11-2012,08:52:39,11.394,64.600,5.0,4.480,0.2596
11-11-2012,09:52:40,14.242,53.300,4.9,6.914,0.2603
11-11-2012,10:52:41,17.391,46.000,5.7,11.492,0.2603
11-11-2012,11:52:42,18.295,39.400,4.3,16.177,0.2610
11-11-2012,12:52:43,19.103,37.000,4.1,19.984,0.2618
11-11-2012,13:52:44,19.888,39.400,5.7,22.561,0.2618
11-11-2012,14:52:45,20.365,42.100,7.1,23.689,0.2625
11-11-2012,15:52:46,20.674,46.400,8.8,23.809,0.2625
11-11-2012,16:52:47,20.293,46.800,8.6,22.585,0.2625
11-11-2012,17:52:48,17.011,49.800,6.5,20.293,0.2618
11-11-2012,18:52:49,13.112,52.800,3.7,17.344,0.2610
11-11-2012,19:52:50,6.204,65.600,0.2,14.290,0.2603
11-11-2012,20:52:51,4.350,80.200,1.2,11.807,0.2596
11-11-2012,21:52:52,4.298,86.700,2.3,10.296,0.2589
11-11-2012,22:52:53,5.539,88.300,3.8,9.386,0.2589
11-11-2012,23:52:54,5.514,79.700,2.3,8.792,0.2581
12-11-2012,00:52:55,6.102,71.100,1.3,8.245,0.2581
12-11-2012,01:52:56,6.636,69.800,1.5,8.070,0.2581
12-11-2012,02:52:57,6.433,70.100,1.4,7.945,0.2574
12-11-2012,03:52:58,5.898,72.100,1.3,7.594,0.2574
12-11-2012,04:52:59,5.975,71.800,1.3,7.268,0.2574
12-11-2012,05:53:00,5.693,72.800,1.2,7.041,0.2574
12-11-2012,06:53:01,5.949,71.800,1.3,6.965,0.2567
12-11-2012,07:53:02,6.179,73.900,1.9,7.192,0.2567
12-11-2012,08:53:03,6.712,74.100,2.4,7.444,0.2567
12-11-2012,09:53:04,10.075,70.100,4.9,8.195,0.2560
12-11-2012,10:53:05,13.762,61.600,6.5,10.956,0.2560
12-11-2012,11:53:06,13.858,60.700,6.4,13.618,0.2560
12-11-2012,12:53:07,11.904,68.500,6.3,13.690,0.2560
12-11-2012,13:53:08,15.390,62.300,8.2,16.058,0.2560
12-11-2012,14:53:09,17.320,62.000,10.0,18.580,0.2560
12-11-2012,15:53:10,17.391,60.200,9.6,19.770,0.2560
12-11-2012,16:53:11,17.082,60.500,9.4,18.842,0.2552
12-11-2012,17:53:12,17.130,61.400,9.7,17.296,0.2552
12-11-2012,18:53:13,13.209,67.400,7.3,15.629,0.2552
12-11-2012,19:53:14,10.296,71.600,5.4,13.497,0.2545
12-11-2012,20:53:15,6.965,77.300,3.3,11.662,0.2545
12-11-2012,21:53:16,7.995,94.500,7.2,10.467,0.2538
12-11-2012,22:53:17,7.142,98.700,7.0,10.590,0.2538
12-11-2012,23:53:18,5.924,98.800,5.8,10.173,0.2538
13-11-2012,00:53:19,4.532,98.800,4.4,9.583,0.2538
13-11-2012,01:53:20,3.932,98.900,3.8,9.015,0.2530
13-11-2012,02:53:21,3.301,99.000,3.2,8.519,0.2530
13-11-2012,03:53:22,2.956,99.000,2.8,8.095,0.2530
13-11-2012,04:53:23,2.316,98.900,2.2,7.695,0.2530
13-11-2012,05:53:24,2.289,99.200,2.2,7.368,0.2530
13-11-2012,06:53:25,2.316,99.400,2.2,7.167,0.2523
13-11-2012,07:53:26,4.506,99.600,4.5,7.469,0.2523
13-11-2012,08:53:27,6.000,98.400,5.8,8.618,0.2530
13-11-2012,09:53:28,9.583,94.700,8.8,10.075,0.2530
13-11-2012,10:53:29,12.775,83.000,10.0,12.389,0.2530
13-11-2012,11:53:30,19.222,68.500,13.3,16.654,0.2538
13-11-2012,12:53:31,18.224,62.700,11.0,20.079,0.2538
13-11-2012,13:53:32,16.558,63.600,9.6,19.460,0.2545
13-11-2012,14:53:33,18.723,64.500,11.9,19.413,0.2538
13-11-2012,15:53:34,15.676,59.600,7.9,20.388,0.2538
13-11-2012,16:53:35,12.389,68.400,6.7,18.129,0.2538
13-11-2012,17:53:36,11.346,72.000,6.5,16.487,0.2530
13-11-2012,18:53:37,9.460,78.700,6.0,14.768,0.2530
13-11-2012,19:53:38,5.462,87.200,3.5,12.678,0.2530
13-11-2012,20:53:39,5.076,93.100,4.1,11.273,0.2523
13-11-2012,21:53:40,4.454,95.600,3.8,10.516,0.2523
13-11-2012,22:53:41,3.932,97.400,3.6,9.879,0.2516
13-11-2012,23:53:42,3.722,98.200,3.5,9.336,0.2516
14-11-2012,00:53:43,3.459,98.700,3.3,8.916,0.2516
14-11-2012,01:53:44,3.327,98.900,3.2,8.519,0.2509
14-11-2012,02:53:45,3.380,99.000,3.2,8.195,0.2509
14-11-2012,03:53:46,3.722,98.800,3.6,8.020,0.2509
14-11-2012,04:53:47,0.660,97.800,0.3,7.544,0.2509
14-11-2012,05:53:48,-0.902,96.000,-1.5,6.204,0.2501
14-11-2012,06:53:49,0.577,97.000,0.2,5.488,0.2501
14-11-2012,07:53:50,4.973,99.900,5.0,6.077,0.2501
14-11-2012,08:53:51,8.941,97.100,8.5,6.458,0.2501
14-11-2012,09:53:52,13.088,79.000,9.5,8.568,0.2509
14-11-2012,10:53:53,16.963,65.900,10.6,12.461,0.2501
14-11-2012,11:53:54,18.747,56.300,9.9,17.629,0.2509
14-11-2012,12:53:55,14.098,60.200,6.5,18.414,0.2516
14-11-2012,13:53:56,16.677,64.300,9.9,17.368,0.2516
14-11-2012,14:53:57,14.577,67.000,8.5,16.630,0.2516
14-11-2012,15:53:58,12.147,69.100,6.7,15.605,0.2509
14-11-2012,16:53:59,13.161,70.300,7.9,15.438,0.2509
14-11-2012,17:54:00,11.516,72.900,6.8,15.008,0.2501
14-11-2012,18:54:01,9.262,81.000,6.2,13.473,0.2501
14-11-2012,19:54:02,7.770,86.500,5.7,11.977,0.2501
14-11-2012,20:54:03,5.898,91.900,4.7,10.663,0.2494
14-11-2012,21:54:04,5.796,95.800,5.2,9.682,0.2494
14-11-2012,22:54:05,4.506,94.500,3.7,9.015,0.2494
14-11-2012,23:54:06,3.142,94.700,2.4,8.095,0.2487
15-11-2012,00:54:07,5.462,96.800,5.0,7.469,0.2487
15-11-2012,01:54:08,4.584,93.800,3.7,7.444,0.2487
15-11-2012,02:54:09,4.921,93.100,3.9,7.142,0.2487
15-11-2012,03:54:10,5.462,87.400,3.5,6.965,0.2487
15-11-2012,04:54:11,5.334,85.300,3.1,6.864,0.2480
15-11-2012,05:54:12,4.740,81.700,1.9,6.585,0.2480
15-11-2012,06:54:13,5.257,77.000,1.6,6.281,0.2480
15-11-2012,07:54:14,8.344,62.300,1.6,6.433,0.2472
15-11-2012,08:54:15,11.613,52.400,2.2,7.116,0.2472
15-11-2012,09:54:16,14.529,50.000,4.2,8.891,0.2472
15-11-2012,10:54:17,15.915,48.800,5.2,12.509,0.2472
15-11-2012,11:54:18,18.866,47.900,7.6,16.725,0.2472
15-11-2012,12:54:19,18.414,44.000,6.0,19.984,0.2472
15-11-2012,13:54:20,15.796,46.600,4.4,19.151,0.2472
15-11-2012,14:54:21,13.858,54.400,4.8,18.271,0.2472
15-11-2012,15:54:22,10.907,61.500,3.8,16.749,0.2472
15-11-2012,16:54:23,8.668,58.900,1.1,14.026,0.2472
15-11-2012,17:54:24,8.494,58.700,0.9,13.449,0.2465
15-11-2012,18:54:25,6.788,57.200,-1.1,11.856,0.2465
15-11-2012,19:54:26,5.334,60.800,-1.6,10.418,0.2458
15-11-2012,20:54:27,4.766,68.100,-0.6,9.312,0.2458
15-11-2012,21:54:28,4.947,75.700,1.0,8.693,0.2451
15-11-2012,22:54:29,4.298,76.800,0.6,8.419,0.2451
15-11-2012,23:54:30,3.617,81.500,0.8,7.820,0.2451
16-11-2012,00:54:31,3.617,81.900,0.8,7.343,0.2451
16-11-2012,01:54:32,3.485,85.100,1.2,7.116,0.2443
16-11-2012,02:54:33,2.530,86.500,0.5,7.015,0.2443
16-11-2012,03:54:34,2.956,90.400,1.5,6.737,0.2443
16-11-2012,04:54:35,-0.227,90.600,-1.6,6.433,0.2443
16-11-2012,05:54:36,-1.242,94.500,-2.0,5.308,0.2443
16-11-2012,06:54:37,3.327,98.500,3.1,5.257,0.2443
16-11-2012,07:54:38,5.231,95.100,4.5,6.535,0.2443
16-11-2012,08:54:39,11.929,71.900,7.0,6.535,0.2443
16-11-2012,09:54:40,16.415,64.100,9.6,8.941,0.2443
16-11-2012,10:54:41,19.912,59.400,11.8,14.361,0.2443
16-11-2012,11:54:42,20.246,58.100,11.8,17.653,0.2451
16-11-2012,12:54:43,20.412,57.400,11.7,19.555,0.2458
16-11-2012,13:54:44,15.629,55.500,6.8,20.793,0.2458
16-11-2012,14:54:45,20.174,58.200,11.7,19.627,0.2458
16-11-2012,15:54:46,23.256,52.000,12.9,21.628,0.2458
16-11-2012,16:54:47,13.642,50.700,3.6,21.963,0.2458
16-11-2012,17:54:48,14.601,62.400,7.5,17.962,0.2458
16-11-2012,18:54:49,11.370,58.200,3.5,15.963,0.2458
16-11-2012,19:54:50,2.744,74.700,-1.3,13.016,0.2451
16-11-2012,20:54:51,-0.088,89.300,-1.6,10.320,0.2443
16-11-2012,21:54:52,-0.986,92.600,-2.0,8.593,0.2436
16-11-2012,22:54:53,-0.817,94.900,-1.5,7.469,0.2436
16-11-2012,23:54:54,-1.727,95.700,-2.3,6.687,0.2429
17-11-2012,00:54:55,-4.137,92.200,-5.2,5.770,0.2429
17-11-2012,01:54:56,-3.508,90.400,-4.9,4.610,0.2429
17-11-2012,02:54:57,-5.729,89.500,-7.2,4.220,0.2429
17-11-2012,03:54:58,-6.010,88.000,-7.7,3.221,0.2429
17-11-2012,04:54:59,-5.979,89.300,-7.5,2.717,0.2422
17-11-2012,05:55:00,-5.202,90.700,-6.5,2.370,0.2422
17-11-2012,06:55:01,-2.537,93.600,-3.4,2.262,0.2414
17-11-2012,07:55:02,5.514,92.200,4.4,3.009,0.2407
17-11-2012,08:55:03,10.075,67.200,4.3,4.688,0.2414
17-11-2012,09:55:04,12.509,60.900,5.2,7.469,0.2414
17-11-2012,10:55:05,15.199,58.700,7.2,11.662,0.2422
17-11-2012,11:55:06,16.392,55.500,7.5,15.843,0.2429
17-11-2012,12:55:07,17.510,55.200,8.4,18.485,0.2436
17-11-2012,13:55:08,18.081,53.800,8.6,20.317,0.2443
17-11-2012,14:55:09,18.580,53.800,9.1,21.485,0.2443
17-11-2012,15:55:10,15.055,56.000,6.4,20.984,0.2443
17-11-2012,16:55:11,18.176,56.000,9.3,19.674,0.2443
17-11-2012,17:55:12,10.026,62.600,3.2,17.249,0.2443
17-11-2012,18:55:13,7.920,69.400,2.7,14.290,0.2436
17-11-2012,19:55:14,5.154,85.400,2.9,11.783,0.2436
17-11-2012,20:55:15,3.354,92.800,2.3,9.952,0.2429
17-11-2012,21:55:16,1.126,94.300,0.3,8.543,0.2422
17-11-2012,22:55:17,1.643,97.700,1.3,7.444,0.2422
17-11-2012,23:55:18,3.327,98.300,3.1,7.041,0.2414
18-11-2012,00:55:19,4.272,96.500,3.8,6.940,0.2414
18-11-2012,01:55:20,3.512,94.900,2.8,6.763,0.2407
18-11-2012,02:55:21,3.036,94.000,2.2,6.458,0.2407
18-11-2012,03:55:22,2.797,97.200,2.4,6.077,0.2407
18-11-2012,04:55:23,1.940,98.400,1.7,5.745,0.2407
18-11-2012,05:55:24,0.550,95.000,-0.2,5.308,0.2407
18-11-2012,06:55:25,1.317,93.900,0.4,4.714,0.2407
18-11-2012,07:55:26,4.584,87.100,2.6,4.818,0.2400
18-11-2012,08:55:27,8.444,74.400,4.2,5.411,0.2400
18-11-2012,09:55:28,10.418,62.300,3.5,7.469,0.2400
18-11-2012,10:55:29,14.218,55.200,5.4,11.297,0.2407
18-11-2012,11:55:30,14.505,55.800,5.8,15.247,0.2407
18-11-2012,12:55:31,5.076,74.500,0.9,14.002,0.2414
18-11-2012,13:55:32,11.856,80.800,8.7,17.653,0.2422
18-11-2012,14:55:33,8.295,73.300,3.8,16.296,0.2422
18-11-2012,15:55:34,6.914,82.500,4.1,14.577,0.2422
18-11-2012,16:55:35,2.664,91.600,1.4,11.783,0.2371
18-11-2012,17:55:36,5.076,96.500,4.6,9.509,0.2371
18-11-2012,18:55:37,2.316,96.300,1.8,7.845,0.2356
18-11-2012,19:55:38,2.262,98.500,2.0,6.990,0.2356
18-11-2012,20:55:39,1.180,98.600,1.0,6.382,0.2356
18-11-2012,21:55:40,1.153,99.500,1.1,5.719,0.2349
18-11-2012,22:55:41,0.742,99.800,0.7,4.999,0.2349
18-11-2012,23:55:42,0.605,100.000,0.6,4.506,0.2349
19-11-2012,00:55:43,0.660,100.000,0.7,4.089,0.2349
19-11-2012,01:55:44,0.907,100.000,0.9,4.089,0.2334
19-11-2012,02:55:45,1.480,100.000,1.5,4.141,0.2334
19-11-2012,03:55:46,1.832,100.000,1.8,4.220,0.2334
19-11-2012,04:55:47,1.994,100.000,2.0,4.298,0.2334
19-11-2012,05:55:48,2.182,100.000,2.2,4.324,0.2334
19-11-2012,06:55:49,2.637,100.000,2.6,4.428,0.2334
19-11-2012,07:55:50,2.770,100.000,2.8,4.688,0.2334
19-11-2012,08:55:51,4.402,100.000,4.4,5.257,0.2334
19-11-2012,09:55:52,5.076,100.000,5.1,6.230,0.2342
19-11-2012,10:55:53,6.864,100.000,6.9,7.393,0.2349
19-11-2012,11:55:54,12.074,98.300,11.8,9.213,0.2356
19-11-2012,12:55:55,15.294,86.800,13.1,13.137,0.2363
19-11-2012,13:55:56,18.224,72.500,13.2,17.391,0.2371
19-11-2012,14:55:57,19.484,62.400,12.1,19.651,0.2378
19-11-2012,15:55:58,20.079,58.300,11.7,20.317,0.2385
19-11-2012,16:55:59,19.151,55.900,10.2,19.722,0.2392
19-11-2012,17:56:00,16.534,58.300,8.3,17.629,0.2392
19-11-2012,18:56:01,12.243,62.000,5.2,15.199,0.2392
19-11-2012,19:56:02,4.506,77.500,0.9,12.461,0.2385
19-11-2012,20:56:03,1.208,89.200,-0.4,9.756,0.2378
19-11-2012,21:56:04,0.273,91.400,-1.0,7.745,0.2378
19-11-2012,22:56:05,-0.817,93.000,-1.8,6.484,0.2378
19-11-2012,23:56:06,-1.842,92.000,-3.0,5.385,0.2400
20-11-2012,00:56:07,-2.625,90.500,-4.0,4.376,0.2371
20-11-2012,01:56:08,-3.035,90.700,-4.3,3.643,0.2363
20-11-2012,02:56:09,-3.094,90.400,-4.4,3.142,0.2363
20-11-2012,03:56:10,-4.957,86.900,-6.8,2.717,0.2378
20-11-2012,04:56:11,-5.418,87.500,-7.2,2.343,0.2371
20-11-2012,05:56:12,-5.916,86.200,-7.9,2.021,0.2363
20-11-2012,06:56:13,-4.167,90.400,-5.5,1.724,0.2363
20-11-2012,07:56:14,4.792,90.000,3.3,1.561,0.2356
20-11-2012,08:56:15,12.847,52.000,3.2,1.561,0.2378
20-11-2012,09:56:16,18.889,37.400,4.1,4.532,0.2356
20-11-2012,10:56:17,20.222,36.600,4.9,11.540,0.2363
20-11-2012,11:56:18,20.436,38.300,5.8,16.177,0.2371
20-11-2012,12:56:19,22.729,42.900,9.5,20.531,0.2385
20-11-2012,13:56:20,22.968,43.900,10.0,23.545,0.2392
20-11-2012,14:56:21,23.280,43.300,10.1,24.436,0.2400
20-11-2012,15:56:22,20.746,45.600,8.6,22.968,0.2407
20-11-2012,16:56:23,14.649,51.000,4.6,20.555,0.2407
20-11-2012,17:56:24,14.361,60.400,6.8,17.296,0.2407
20-11-2012,18:56:25,14.697,66.800,8.6,15.414,0.2400
20-11-2012,19:56:26,8.494,69.300,3.2,13.570,0.2392
20-11-2012,20:56:27,7.820,76.300,3.9,11.492,0.2392
20-11-2012,21:56:28,7.544,74.100,3.2,10.075,0.2385
20-11-2012,22:56:29,8.270,69.400,3.0,9.238,0.2378
20-11-2012,23:56:30,8.295,62.400,1.5,8.916,0.2378
21-11-2012,00:56:31,8.990,58.400,1.3,8.618,0.2378
21-11-2012,01:56:32,8.469,60.700,1.3,8.444,0.2378
21-11-2012,02:56:33,8.344,65.900,2.4,8.220,0.2378
21-11-2012,03:56:34,8.145,68.800,2.8,8.170,0.2378
21-11-2012,04:56:35,8.394,69.900,3.2,8.095,0.2378
21-11-2012,05:56:36,7.494,72.100,2.8,7.895,0.2378
21-11-2012,06:56:37,8.369,74.700,4.1,7.645,0.2378
21-11-2012,07:56:38,9.558,72.200,4.8,7.895,0.2378
21-11-2012,08:56:39,11.904,68.700,6.3,8.295,0.2378
21-11-2012,09:56:40,12.509,68.700,6.9,9.928,0.2378
21-11-2012,10:56:41,14.314,66.700,8.2,12.340,0.2378
21-11-2012,11:56:42,17.011,62.600,9.8,14.888,0.2378
21-11-2012,12:56:43,18.033,61.800,10.6,17.986,0.2385
21-11-2012,13:56:44,17.867,59.200,9.8,20.388,0.2385
21-11-2012,14:56:45,18.580,63.800,11.6,18.889,0.2385
21-11-2012,15:56:46,16.392,62.800,9.3,19.341,0.2385
21-11-2012,16:56:47,15.581,58.500,7.5,19.436,0.2385
21-11-2012,17:56:48,18.842,52.600,9.0,18.057,0.2378
21-11-2012,18:56:49,11.370,58.600,3.6,16.534,0.2378
21-11-2012,19:56:50,7.569,91.700,6.3,14.385,0.2378
21-11-2012,20:56:51,5.898,96.200,5.3,12.558,0.2371
21-11-2012,21:56:52,5.205,97.900,4.9,11.248,0.2371
21-11-2012,22:56:53,4.792,98.600,4.6,10.394,0.2363
21-11-2012,23:56:54,4.063,99.100,3.9,9.756,0.2363
22-11-2012,00:56:55,2.744,98.900,2.6,8.990,0.2363
22-11-2012,01:56:56,0.107,98.000,-0.2,7.970,0.2356
22-11-2012,02:56:57,-1.043,92.400,-2.1,6.737,0.2356
22-11-2012,03:56:58,-0.789,83.600,-3.2,6.102,0.2349
22-11-2012,04:56:59,-0.817,78.300,-4.1,5.591,0.2363
22-11-2012,05:57:00,-0.367,68.200,-5.5,5.282,0.2363
22-11-2012,06:57:01,1.913,68.100,-3.3,4.947,0.2356
22-11-2012,07:57:02,8.618,67.400,2.9,5.462,0.2363
22-11-2012,08:57:03,14.888,47.800,3.9,7.142,0.2342
22-11-2012,09:57:04,18.366,34.300,2.4,9.608,0.2342
22-11-2012,10:57:05,22.848,36.700,7.3,13.762,0.2349
22-11-2012,11:57:06,24.363,47.400,12.5,19.008,0.2356
22-11-2012,12:57:07,25.477,49.500,14.2,23.328,0.2371
22-11-2012,13:57:08,27.604,48.500,15.8,26.353,0.2371
22-11-2012,14:57:09,28.742,47.700,16.6,27.456,0.2371
22-11-2012,15:57:10,21.867,48.300,10.5,26.695,0.2371
22-11-2012,16:57:11,25.016,50.600,14.1,24.074,0.2363
22-11-2012,17:57:12,21.795,49.800,10.9,22.824,0.2363
22-11-2012,18:57:13,15.223,56.600,6.7,19.865,0.2356
22-11-2012,19:57:14,7.116,74.600,2.9,16.582,0.2349
22-11-2012,20:57:15,4.636,91.300,3.3,13.762,0.2342
22-11-2012,21:57:16,4.688,92.900,3.6,11.759,0.2334
22-11-2012,22:57:17,5.719,96.900,5.3,11.492,0.2334
22-11-2012,23:57:18,0.825,91.300,-0.4,10.075,0.2327
23-11-2012,00:57:19,-0.227,91.900,-1.4,8.618,0.2320
23-11-2012,01:57:20,-1.356,91.200,-2.6,7.544,0.2320
23-11-2012,02:57:21,-2.102,90.400,-3.5,6.661,0.2313
23-11-2012,03:57:22,-2.392,90.300,-3.8,5.949,0.2313
23-11-2012,04:57:23,-2.771,90.100,-4.2,5.411,0.2320
23-11-2012,05:57:24,-2.450,91.500,-3.7,4.947,0.2313
23-11-2012,06:57:25,1.289,96.500,0.8,4.869,0.2305
23-11-2012,07:57:26,9.460,94.100,8.6,5.872,0.2298
23-11-2012,08:57:27,14.745,70.500,9.5,7.393,0.2305
23-11-2012,09:57:28,18.438,56.600,9.7,10.124,0.2305
23-11-2012,10:57:29,22.154,49.100,11.0,14.792,0.2313
23-11-2012,11:57:30,23.256,48.300,11.7,19.532,0.2313
23-11-2012,12:57:31,20.317,52.200,10.2,21.891,0.2320
23-11-2012,13:57:32,21.127,56.300,12.1,21.366,0.2327
23-11-2012,14:57:33,19.318,57.500,10.7,20.936,0.2320
23-11-2012,15:57:34,20.984,61.800,13.4,19.555,0.2320
23-11-2012,16:57:35,18.200,62.500,10.9,18.723,0.2320
23-11-2012,17:57:36,15.605,68.900,9.9,17.106,0.2320
23-11-2012,18:57:37,13.497,72.400,8.6,15.724,0.2313
23-11-2012,19:57:38,11.102,79.700,7.7,14.194,0.2320
23-11-2012,20:57:39,5.539,86.400,3.5,12.292,0.2313
23-11-2012,21:57:40,5.514,94.100,4.6,10.663,0.2305
23-11-2012,22:57:41,4.272,96.100,3.7,9.879,0.2298
23-11-2012,23:57:42,2.343,94.000,1.5,8.916,0.2298
24-11-2012,00:57:43,1.561,93.600,0.6,8.070,0.2291
24-11-2012,01:57:44,0.797,94.600,0.0,7.368,0.2291
24-11-2012,02:57:45,0.384,95.900,-0.2,6.813,0.2291
24-11-2012,03:57:46,2.717,97.400,2.3,6.306,0.2284
24-11-2012,04:57:47,5.050,99.800,5.0,6.281,0.2284
24-11-2012,05:57:48,7.041,92.600,5.9,6.611,0.2284
24-11-2012,06:57:49,9.952,81.700,7.0,7.242,0.2284
24-11-2012,07:57:50,12.509,74.600,8.1,8.120,0.2284
24-11-2012,08:57:51,15.223,70.500,9.9,9.089,0.2284
24-11-2012,09:57:52,17.296,65.800,10.9,11.175,0.2284
24-11-2012,10:57:53,19.460,57.900,11.0,14.577,0.2291
24-11-2012,11:57:54,21.795,53.300,11.9,18.580,0.2291
24-11-2012,12:57:55,22.513,52.400,12.3,22.154,0.2291
24-11-2012,13:57:56,23.665,52.100,13.3,22.393,0.2291
24-11-2012,14:57:57,20.984,50.400,10.3,23.978,0.2284
24-11-2012,15:57:58,21.056,53.600,11.3,22.298,0.2284
24-11-2012,16:57:59,17.391,54.600,8.2,21.246,0.2284
24-11-2012,17:58:00,18.557,57.700,10.1,19.436,0.2276
24-11-2012,18:58:01,18.818,58.500,10.5,18.105,0.2276
24-11-2012,19:58:02,11.856,71.300,6.8,16.034,0.2269
24-11-2012,20:58:03,11.053,79.000,7.6,14.290,0.2269
24-11-2012,21:58:04,10.124,84.500,7.6,13.209,0.2262
24-11-2012,22:58:05,8.668,87.400,6.7,12.147,0.2262
24-11-2012,23:58:06,11.078,89.800,9.5,11.492,0.2262
25-11-2012,00:58:07,10.590,82.500,7.7,11.686,0.2262
25-11-2012,01:58:08,8.866,85.500,6.6,11.053,0.2262
25-11-2012,02:58:09,8.866,83.600,6.3,10.516,0.2262
25-11-2012,03:58:10,9.040,82.600,6.2,10.173,0.2254
25-11-2012,04:58:11,8.817,81.100,5.8,9.780,0.2254
25-11-2012,05:58:12,9.015,81.500,6.0,9.435,0.2254
25-11-2012,06:58:13,10.712,77.200,6.9,9.361,0.2247
25-11-2012,07:58:14,14.553,66.300,8.4,9.854,0.2247
25-11-2012,08:58:15,17.962,58.500,9.7,10.736,0.2240
25-11-2012,09:58:16,19.984,53.300,10.2,12.920,0.2240
25-11-2012,10:58:17,21.581,50.000,10.7,16.368,0.2233
25-11-2012,11:58:18,23.136,46.000,10.9,19.722,0.2233
25-11-2012,12:58:19,24.315,44.300,11.4,22.920,0.2225
25-11-2012,13:58:20,25.501,46.000,13.1,25.671,0.2218
25-11-2012,14:58:21,25.623,47.200,13.6,25.623,0.2218
25-11-2012,15:58:22,23.881,47.200,12.0,25.744,0.2211
25-11-2012,16:58:23,21.843,47.900,10.3,24.339,0.2211
25-11-2012,17:58:24,25.016,44.100,12.0,22.417,0.2204
25-11-2012,18:58:25,21.032,46.300,9.1,20.579,0.2204
25-11-2012,19:58:26,13.425,55.200,4.6,17.701,0.2196
25-11-2012,20:58:27,9.682,66.400,3.7,15.103,0.2196
25-11-2012,21:58:28,6.331,79.600,3.1,13.161,0.2189
25-11-2012,22:58:29,4.973,86.900,3.0,11.613,0.2182
25-11-2012,23:58:30,3.958,91.300,2.7,10.590,0.2182
26-11-2012,00:58:31,2.823,92.800,1.8,9.558,0.2175
26-11-2012,01:58:32,2.450,93.600,1.5,8.717,0.2175
26-11-2012,02:58:33,2.423,94.300,1.6,8.195,0.2175
26-11-2012,03:58:34,2.262,96.100,1.7,7.544,0.2167
26-11-2012,04:58:35,8.891,85.700,6.6,7.870,0.2167
26-11-2012,05:58:36,9.829,85.500,7.5,7.995,0.2160
26-11-2012,06:58:37,12.316,71.500,7.3,8.767,0.2160
26-11-2012,07:58:38,15.485,63.600,8.6,10.222,0.2160
26-11-2012,08:58:39,14.792,64.200,8.1,11.346,0.2160
26-11-2012,09:58:40,15.796,64.900,9.2,12.292,0.2160
26-11-2012,10:58:41,16.034,64.200,9.3,13.425,0.2160
26-11-2012,11:58:42,19.674,54.000,10.1,15.127,0.2160
26-11-2012,12:58:43,20.079,49.500,9.2,17.272,0.2153
26-11-2012,13:58:44,23.569,53.200,13.5,21.294,0.2153
26-11-2012,14:58:45,20.055,49.700,9.2,23.280,0.2153
26-11-2012,15:58:46,23.232,47.900,11.6,22.896,0.2146
26-11-2012,16:58:47,21.246,46.700,9.4,22.633,0.2146
26-11-2012,17:58:48,14.912,46.100,3.4,20.174,0.2146
26-11-2012,18:58:49,13.594,53.000,4.2,16.820,0.2138
26-11-2012,19:58:50,11.904,54.300,3.0,14.816,0.2138
26-11-2012,20:58:51,12.171,62.200,5.2,13.570,0.2131
26-11-2012,21:58:52,10.001,80.900,6.9,12.944,0.2131
26-11-2012,22:58:53,10.026,85.700,7.8,12.050,0.2131
26-11-2012,23:58:54,11.346,78.100,7.7,11.273,0.2131
27-11-2012,00:58:55,11.127,75.200,6.9,10.956,0.2124
27-11-2012,01:58:56,11.175,75.800,7.1,10.663,0.2124
27-11-2012,02:58:57,12.340,75.400,8.1,10.516,0.2124
27-11-2012,03:58:58,9.805,88.600,8.0,10.810,0.2124
27-11-2012,04:58:59,10.026,95.100,9.3,10.736,0.2124
27-11-2012,05:59:00,9.879,96.400,9.3,10.785,0.2124
27-11-2012,06:59:01,10.271,98.100,10.0,10.785,0.2124
27-11-2012,07:59:02,10.907,98.400,10.7,11.005,0.2116
27-11-2012,08:59:03,13.112,95.100,12.4,12.098,0.2124
27-11-2012,09:59:04,15.986,92.200,14.7,13.449,0.2124
27-11-2012,10:59:05,12.098,95.200,11.4,14.146,0.2124
27-11-2012,11:59:06,15.533,94.500,14.7,14.912,0.2131
27-11-2012,12:59:07,14.792,86.500,12.6,17.486,0.2131
27-11-2012,13:59:08,16.677,81.700,13.6,17.843,0.2131
27-11-2012,14:59:09,14.002,84.400,11.4,16.725,0.2138
27-11-2012,15:59:10,16.701,89.300,15.0,18.081,0.2138
27-11-2012,16:59:11,14.864,90.900,13.4,17.701,0.2138
27-11-2012,17:59:12,17.011,82.200,14.0,17.629,0.2146
27-11-2012,18:59:13,16.725,75.800,12.5,16.868,0.2146
27-11-2012,19:59:14,11.005,90.200,9.5,15.270,0.2138
27-11-2012,20:59:15,10.883,97.600,10.5,13.762,0.2138
27-11-2012,21:59:16,10.369,98.800,10.2,12.920,0.2138
27-11-2012,22:59:17,9.780,99.200,9.7,12.389,0.2138
27-11-2012,23:59:18,9.534,99.900,9.5,11.904,0.2138
28-11-2012,00:59:19,8.444,99.700,8.4,11.492,0.2131
28-11-2012,01:59:20,3.538,95.400,2.9,10.100,0.2138
28-11-2012,02:59:21,6.306,98.900,6.2,8.866,0.2131
28-11-2012,03:59:22,7.268,99.500,7.2,8.792,0.2131
28-11-2012,04:59:23,8.941,100.000,9.0,9.089,0.2124
28-11-2012,05:59:24,8.717,100.000,8.7,9.336,0.2124
28-11-2012,06:59:25,11.613,100.000,11.6,9.410,0.2124
28-11-2012,07:59:26,14.505,97.300,14.1,11.005,0.2124
28-11-2012,08:59:27,18.176,86.600,15.9,12.292,0.2131
28-11-2012,09:59:28,18.675,80.000,15.2,14.888,0.2131
28-11-2012,10:59:29,22.274,73.300,17.3,18.010,0.2131
28-11-2012,11:59:30,23.232,71.700,17.9,20.841,0.2138
28-11-2012,12:59:31,24.171,64.700,17.1,22.896,0.2146
28-11-2012,13:59:32,26.940,57.400,17.8,26.012,0.2146
28-11-2012,14:59:33,28.990,48.700,17.1,27.850,0.2146
28-11-2012,15:59:34,29.790,47.200,17.4,28.692,0.2146
28-11-2012,16:59:35,19.627,62.300,12.2,27.136,0.2153
28-11-2012,17:59:36,18.129,81.400,14.9,22.513,0.2153
28-11-2012,18:59:37,15.509,87.500,13.5,19.793,0.2146
28-11-2012,19:59:38,14.936,91.300,13.5,18.081,0.2146
28-11-2012,20:59:39,11.686,95.200,11.0,16.368,0.2138
28-11-2012,21:59:40,9.213,96.200,8.6,14.601,0.2131
28-11-2012,22:59:41,6.153,93.500,5.2,12.944,0.2131
28-11-2012,23:59:42,8.120,96.100,7.5,11.637,0.2124
29-11-2012,00:59:43,10.785,99.900,10.8,11.686,0.2116
29-11-2012,01:59:44,11.710,97.200,11.3,11.880,0.2116
29-11-2012,02:59:45,11.807,93.800,10.9,11.929,0.2116
29-11-2012,03:59:46,11.127,90.100,9.6,11.637,0.2116
29-11-2012,04:59:47,12.992,93.300,12.0,11.613,0.2116
29-11-2012,05:59:48,12.654,95.900,12.0,11.953,0.2109
29-11-2012,06:59:49,13.329,98.500,13.1,12.074,0.2124
29-11-2012,07:59:50,15.270,94.600,14.4,12.437,0.2116
29-11-2012,08:59:51,18.985,86.200,16.6,13.209,0.2116
29-11-2012,09:59:52,21.342,77.500,17.3,15.318,0.2116
29-11-2012,10:59:53,24.339,69.700,18.5,18.675,0.2109
29-11-2012,11:59:54,26.353,65.100,19.3,22.537,0.2116
29-11-2012,12:59:55,27.776,61.500,19.7,26.329,0.2116
29-11-2012,13:59:56,28.518,58.600,19.6,28.345,0.2116
29-11-2012,14:59:57,29.265,55.400,19.4,29.690,0.2109
29-11-2012,15:59:58,28.791,55.800,19.1,29.916,0.2109
29-11-2012,16:59:59,27.677,59.400,19.1,28.617,0.2102
29-11-2012,18:00:00,25.550,62.500,17.9,26.524,0.2095
29-11-2012,19:00:01,22.705,65.400,15.9,24.026,0.2087
29-11-2012,20:00:02,16.606,71.100,11.4,21.151,0.2087
29-11-2012,21:00:03,15.629,81.300,12.5,18.842,0.2080
29-11-2012,22:00:04,15.986,77.200,12.0,17.701,0.2080
29-11-2012,23:00:05,14.840,78.500,11.2,16.606,0.2080
30-11-2012,00:00:06,15.652,79.300,12.1,15.939,0.2073
30-11-2012,01:00:07,17.011,76.100,12.8,15.605,0.2066
30-11-2012,02:00:08,17.510,73.500,12.7,15.581,0.2066
30-11-2012,03:00:09,16.915,77.200,12.9,15.438,0.2066
30-11-2012,04:00:10,16.701,79.400,13.1,15.270,0.2066
30-11-2012,05:00:11,16.558,79.600,13.0,15.103,0.2066
30-11-2012,06:00:12,16.201,79.900,12.7,14.960,0.2066
30-11-2012,07:00:13,15.843,84.700,13.3,14.984,0.2058
30-11-2012,08:00:14,16.630,86.700,14.4,15.294,0.2066
30-11-2012,09:00:15,19.056,74.700,14.5,15.915,0.2058
30-11-2012,10:00:16,22.130,67.200,15.8,17.011,0.2051
30-11-2012,11:00:17,24.219,62.000,16.5,19.032,0.2044
30-11-2012,12:00:18,24.026,61.000,16.1,21.485,0.2037
30-11-2012,13:00:19,21.724,70.700,16.2,21.581,0.2037
30-11-2012,14:00:20,18.509,79.200,14.9,20.531,0.2037
30-11-2012,15:00:21,18.414,83.800,15.6,19.508,0.2037
30-11-2012,16:00:22,16.749,96.800,16.3,18.604,0.2037
30-11-2012,17:00:23,15.557,93.900,14.6,18.604,0.2037
30-11-2012,18:00:24,15.127,92.200,13.9,17.225,0.2037
30-11-2012,19:00:25,14.529,93.400,13.5,16.177,0.2037
30-11-2012,20:00:26,14.026,96.200,13.4,15.676,0.2029
30-11-2012,21:00:27,13.497,99.500,13.4,14.984,0.2029
30-11-2012,22:00:28,13.449,98.000,13.2,14.385,0.2029
30-11-2012,23:00:29,13.281,94.100,12.4,13.930,0.2029
01-12-2012,00:00:30,13.257,94.900,12.5,13.570,0.2029
01-12-2012,01:00:31,13.233,96.000,12.6,13.401,0.2029
01-12-2012,02:00:32,14.242,95.500,13.5,13.401,0.2022
01-12-2012,03:00:33,13.978,90.900,12.5,13.425,0.2022
01-12-2012,04:00:34,14.721,89.600,13.0,13.353,0.2022
01-12-2012,05:00:35,14.242,89.600,12.6,13.449,0.2022
01-12-2012,06:00:36,13.305,98.200,13.0,13.522,0.1964
01-12-2012,07:00:37,13.522,100.000,13.5,13.546,0.1978
01-12-2012,08:00:38,13.810,100.000,13.8,13.690,0.1986
01-12-2012,09:00:39,15.772,98.200,15.5,14.122,0.1986
01-12-2012,10:00:40,14.601,95.900,14.0,14.936,0.1993
01-12-2012,11:00:41,15.533,89.700,13.9,15.891,0.1993
01-12-2012,12:00:42,16.892,88.300,15.0,15.963,0.2000
01-12-2012,13:00:43,18.105,84.900,15.5,16.868,0.2000
01-12-2012,14:00:44,16.320,86.100,14.0,17.296,0.2008
01-12-2012,15:00:45,19.389,87.600,17.3,16.892,0.2008
01-12-2012,16:00:46,16.058,89.000,14.3,17.225,0.2008
01-12-2012,17:00:47,15.390,93.400,14.3,16.201,0.2008
01-12-2012,18:00:48,14.649,95.100,13.9,15.652,0.2015
01-12-2012,19:00:49,14.409,96.300,13.8,15.079,0.2015
01-12-2012,20:00:50,12.582,99.000,12.4,14.385,0.2029
01-12-2012,21:00:51,11.977,100.000,12.0,13.449,0.2102
01-12-2012,22:00:52,10.492,99.800,10.5,12.799,0.2095
01-12-2012,23:00:53,9.558,98.800,9.4,11.977,0.2102
02-12-2012,00:00:54,8.792,97.900,8.5,11.224,0.2109
02-12-2012,01:00:55,8.717,98.600,8.5,10.687,0.2109
02-12-2012,02:00:56,7.720,95.300,7.0,10.247,0.2116
02-12-2012,03:00:57,7.619,91.300,6.3,9.608,0.2109
02-12-2012,04:00:58,7.895,88.800,6.2,9.163,0.2116
02-12-2012,05:00:59,8.120,88.800,6.4,8.866,0.2116
02-12-2012,06:01:00,8.841,89.600,7.2,8.792,0.2116
02-12-2012,07:01:01,8.693,90.300,7.2,9.015,0.2116
02-12-2012,08:01:02,10.761,89.100,9.0,9.064,0.2116
02-12-2012,09:01:03,12.654,82.900,9.8,9.632,0.2124
02-12-2012,10:01:04,14.888,79.100,11.3,11.443,0.2124
02-12-2012,11:01:05,16.249,73.800,11.6,14.026,0.2131
02-12-2012,12:01:06,17.677,69.900,12.1,16.582,0.2138
02-12-2012,13:01:07,19.318,63.800,12.3,19.532,0.2146
02-12-2012,14:01:08,20.031,59.200,11.8,22.082,0.2146
02-12-2012,15:01:09,20.936,53.700,11.2,22.824,0.2153
02-12-2012,16:01:10,22.274,49.100,11.1,23.352,0.2160
02-12-2012,17:01:11,21.867,51.400,11.4,22.705,0.2160
02-12-2012,18:01:12,15.605,62.300,8.4,21.700,0.2153
02-12-2012,19:01:13,13.257,82.900,10.4,18.913,0.2153
02-12-2012,20:01:14,10.736,91.000,9.3,16.749,0.2146
02-12-2012,21:01:15,9.188,94.000,8.3,15.151,0.2146
02-12-2012,22:01:16,4.714,90.900,3.4,13.305,0.2146
02-12-2012,23:01:17,2.744,90.300,1.3,11.321,0.2138
03-12-2012,00:01:18,1.724,92.400,0.6,9.903,0.2131
03-12-2012,01:01:19,4.506,98.900,4.4,9.213,0.2124
03-12-2012,02:01:20,4.298,98.400,4.1,8.916,0.2124
03-12-2012,03:01:21,3.617,98.100,3.3,8.469,0.2116
03-12-2012,04:01:22,3.433,98.700,3.2,7.970,0.2116
03-12-2012,05:01:23,2.983,99.100,2.9,7.594,0.2109
03-12-2012,06:01:24,2.236,97.000,1.8,7.041,0.2109
03-12-2012,07:01:25,5.231,99.300,5.1,6.889,0.2102
03-12-2012,08:01:26,7.192,97.800,6.9,7.368,0.2109
03-12-2012,09:01:27,9.952,91.800,8.7,8.045,0.2116
03-12-2012,10:01:28,12.992,84.300,10.4,10.124,0.2116
03-12-2012,11:01:29,14.864,74.900,10.5,13.040,0.2124
03-12-2012,12:01:30,16.844,69.600,11.3,16.106,0.2124
03-12-2012,13:01:31,18.224,67.600,12.1,19.056,0.2138
03-12-2012,14:01:32,18.509,64.600,11.7,21.461,0.2138
03-12-2012,15:01:33,18.414,63.100,11.3,22.705,0.2146
03-12-2012,16:01:34,18.414,58.300,10.1,23.184,0.2146
03-12-2012,17:01:35,18.509,58.700,10.3,21.772,0.2146
03-12-2012,18:01:36,11.029,62.500,4.2,19.651,0.2146
03-12-2012,19:01:37,9.064,69.200,3.7,17.058,0.2138
03-12-2012,20:01:38,7.041,81.700,4.1,14.433,0.2131
03-12-2012,21:01:39,5.411,87.400,3.5,12.461,0.2131
03-12-2012,22:01:40,5.642,89.300,4.0,11.151,0.2116
03-12-2012,23:01:41,5.693,87.600,3.8,10.516,0.2116
04-12-2012,00:01:42,5.462,87.300,3.5,9.977,0.2109
04-12-2012,01:01:43,4.115,91.400,2.8,9.287,0.2109
04-12-2012,02:01:44,3.274,91.600,2.0,8.618,0.2102
04-12-2012,03:01:45,2.530,91.100,1.2,7.945,0.2102
04-12-2012,04:01:46,3.301,93.100,2.3,7.494,0.2095
04-12-2012,05:01:47,3.512,92.300,2.4,7.469,0.2095
04-12-2012,06:01:48,2.584,91.700,1.4,7.268,0.2095
04-12-2012,07:01:49,2.289,87.400,0.4,6.813,0.2087
04-12-2012,08:01:50,3.880,79.900,0.7,6.306,0.2095
04-12-2012,09:01:51,5.745,73.900,1.5,6.458,0.2087
04-12-2012,10:01:52,6.026,72.300,1.4,8.020,0.2095
04-12-2012,11:01:53,8.020,74.400,3.8,10.149,0.2095
04-12-2012,12:01:54,10.785,65.900,4.7,12.243,0.2102
04-12-2012,13:01:55,10.051,62.900,3.3,14.457,0.2102
04-12-2012,14:01:56,9.485,61.200,2.4,16.487,0.2109
04-12-2012,15:01:57,10.712,59.300,3.1,16.654,0.2109
04-12-2012,16:01:58,9.977,55.800,1.6,16.701,0.2109
04-12-2012,17:01:59,5.385,61.500,-1.4,15.270,0.2109
04-12-2012,18:02:00,3.433,67.900,-1.9,13.064,0.2109
04-12-2012,19:02:01,3.036,74.700,-1.0,11.078,0.2102
04-12-2012,20:02:02,1.017,78.400,-2.3,9.435,0.2102
04-12-2012,21:02:03,-0.060,85.200,-2.2,8.120,0.2095
04-12-2012,22:02:04,-0.171,87.300,-2.0,7.015,0.2087
04-12-2012,23:02:05,-0.648,86.000,-2.7,6.433,0.2080
05-12-2012,00:02:06,-0.116,87.400,-2.0,5.693,0.2080
05-12-2012,01:02:07,-0.088,87.400,-1.9,5.462,0.2080
05-12-2012,02:02:08,-0.563,90.000,-2.0,5.076,0.2073
05-12-2012,03:02:09,-0.817,94.500,-1.6,4.610,0.2073
05-12-2012,04:02:10,-0.873,98.300,-1.1,4.272,0.2066
05-12-2012,05:02:11,-0.760,99.700,-0.8,4.220,0.2066
05-12-2012,06:02:12,-0.704,100.000,-0.7,4.272,0.2066
05-12-2012,07:02:13,-0.004,100.000,-0.0,4.506,0.2051
05-12-2012,08:02:14,0.384,100.000,0.4,4.714,0.2051
05-12-2012,09:02:15,1.017,99.700,1.0,4.844,0.2051
05-12-2012,10:02:16,2.128,99.300,2.0,4.921,0.2044
05-12-2012,11:02:17,4.480,97.300,4.1,5.154,0.2160
05-12-2012,12:02:18,9.854,88.600,8.1,5.539,0.2552
05-12-2012,13:02:19,11.224,77.400,7.4,9.977,0.2516
05-12-2012,14:02:20,13.810,66.900,7.8,14.337,0.2501
05-12-2012,15:02:21,14.122,62.100,7.0,16.725,0.2494
05-12-2012,16:02:22,12.896,62.500,5.9,16.534,0.2487
05-12-2012,17:02:23,12.122,60.400,4.7,15.986,0.2480
05-12-2012,18:02:24,10.541,60.200,3.2,14.361,0.2472
05-12-2012,19:02:25,9.213,65.300,3.1,12.823,0.2458
05-12-2012,20:02:26,1.751,75.700,-2.1,11.029,0.2443
05-12-2012,21:02:27,-0.367,88.300,-2.1,8.519,0.2436
05-12-2012,22:02:28,-1.100,91.100,-2.4,7.091,0.2422
05-12-2012,23:02:29,-1.613,92.600,-2.7,6.026,0.2414
06-12-2012,00:02:30,-2.566,91.700,-3.7,5.102,0.2407
06-12-2012,01:02:31,-2.947,93.000,-3.9,4.402,0.2392
06-12-2012,02:02:32,-2.712,93.000,-3.7,3.827,0.2392
06-12-2012,03:02:33,-2.189,93.600,-3.1,3.459,0.2385
06-12-2012,04:02:34,-2.450,88.000,-4.2,3.195,0.2378
06-12-2012,05:02:35,-2.305,89.800,-3.8,2.956,0.2371
06-12-2012,06:02:36,-1.756,85.000,-3.9,2.744,0.2371
06-12-2012,07:02:37,-0.032,84.100,-2.4,2.664,0.2363
06-12-2012,08:02:38,4.766,72.600,0.3,2.770,0.2356
06-12-2012,09:02:39,11.807,55.100,3.1,3.617,0.2349
06-12-2012,10:02:40,15.103,50.100,4.8,6.864,0.2356
06-12-2012,11:02:41,19.936,53.400,10.2,11.273,0.2356
06-12-2012,12:02:42,21.700,55.000,12.3,15.939,0.2363
06-12-2012,13:02:43,24.146,50.900,13.4,19.627,0.2371
06-12-2012,14:02:44,27.776,49.700,16.3,22.513,0.2371
06-12-2012,15:02:45,27.333,49.500,15.9,23.232,0.2371
06-12-2012,16:02:46,27.407,48.200,15.5,24.026,0.2371
06-12-2012,17:02:47,25.380,45.800,12.9,23.857,0.2371
06-12-2012,18:02:48,17.819,56.100,9.0,21.294,0.2371
06-12-2012,19:02:49,11.297,70.700,6.2,17.986,0.2356
06-12-2012,20:02:50,10.222,82.600,7.4,15.533,0.2356
06-12-2012,21:02:51,7.041,85.800,4.8,14.026,0.2342
06-12-2012,22:02:52,5.488,91.100,4.2,12.195,0.2342
06-12-2012,23:02:53,4.869,92.800,3.8,11.029,0.2327
07-12-2012,00:02:54,3.958,94.100,3.1,10.149,0.2327
07-12-2012,01:02:55,2.610,93.100,1.6,9.312,0.2313
07-12-2012,02:02:56,2.877,95.300,2.2,8.444,0.2313
07-12-2012,03:02:57,1.071,94.000,0.2,7.720,0.2305
07-12-2012,04:02:58,2.850,95.500,2.2,7.393,0.2298
07-12-2012,05:02:59,3.116,96.600,2.6,7.494,0.2298
07-12-2012,06:03:00,2.503,94.900,1.8,6.990,0.2291
07-12-2012,07:03:01,7.945,98.400,7.7,7.544,0.2291
07-12-2012,08:03:02,10.467,91.300,9.1,8.817,0.2291
07-12-2012,09:03:03,13.112,78.200,9.4,10.124,0.2291
07-12-2012,10:03:04,15.414,71.700,10.3,11.589,0.2291
07-12-2012,11:03:05,16.725,67.800,10.8,13.618,0.2291
07-12-2012,12:03:06,17.796,62.200,10.5,16.225,0.2284
07-12-2012,13:03:07,18.675,63.800,11.7,17.439,0.2284
07-12-2012,14:03:08,18.366,65.300,11.8,18.866,0.2284
07-12-2012,15:03:09,24.484,57.000,15.4,21.772,0.2276
07-12-2012,16:03:10,24.484,50.600,13.6,23.930,0.2276
07-12-2012,17:03:11,21.963,54.200,12.3,23.016,0.2276
07-12-2012,18:03:12,15.796,61.800,8.5,20.555,0.2276
07-12-2012,19:03:13,12.968,70.000,7.6,18.271,0.2269
07-12-2012,20:03:14,11.540,78.700,8.0,16.106,0.2262
07-12-2012,21:03:15,8.070,83.200,5.4,14.553,0.2254
07-12-2012,22:03:16,4.558,86.900,2.6,12.654,0.2247
07-12-2012,23:03:17,3.063,89.400,1.5,11.102,0.2240
08-12-2012,00:03:18,2.450,91.000,1.1,9.977,0.2233
08-12-2012,01:03:19,3.063,92.400,2.0,9.213,0.2233
08-12-2012,02:03:20,1.913,93.400,1.0,8.717,0.2225
08-12-2012,03:03:21,1.615,94.300,0.8,8.245,0.2218
08-12-2012,04:03:22,2.717,95.400,2.1,7.695,0.2218
08-12-2012,05:03:23,2.155,95.500,1.5,7.419,0.2211
08-12-2012,06:03:24,2.530,96.200,2.0,7.041,0.2211
08-12-2012,07:03:25,8.045,96.800,7.6,7.343,0.2211
08-12-2012,08:03:26,12.243,79.400,8.8,9.015,0.2211
08-12-2012,09:03:27,16.201,58.900,8.2,10.296,0.2204
08-12-2012,10:03:28,18.985,51.200,8.7,11.880,0.2204
08-12-2012,11:03:29,19.722,49.700,8.9,14.361,0.2196
08-12-2012,12:03:30,22.202,46.300,10.1,17.534,0.2196
08-12-2012,13:03:31,23.448,46.100,11.2,20.889,0.2189
08-12-2012,14:03:32,23.689,47.800,12.0,23.184,0.2189
08-12-2012,15:03:33,25.598,45.000,12.8,24.508,0.2182
08-12-2012,16:03:34,24.532,43.600,11.4,25.089,0.2175
08-12-2012,17:03:35,20.555,45.400,8.4,23.256,0.2167
08-12-2012,18:03:36,21.461,45.000,9.1,21.437,0.2160
08-12-2012,19:03:37,18.818,45.100,6.7,19.579,0.2153
08-12-2012,20:03:38,14.194,48.400,3.5,17.415,0.2146
08-12-2012,21:03:39,13.305,54.900,4.4,15.318,0.2138
08-12-2012,22:03:40,11.346,60.400,4.0,14.026,0.2131
08-12-2012,23:03:41,12.799,59.900,5.2,13.137,0.2124
09-12-2012,00:03:42,10.026,61.000,2.9,12.630,0.2124
09-12-2012,01:03:43,10.001,67.700,4.3,11.904,0.2116
09-12-2012,02:03:44,10.198,65.300,4.0,11.492,0.2109
09-12-2012,03:03:45,10.785,66.500,4.8,11.102,0.2109
09-12-2012,04:03:46,8.891,70.700,3.9,10.883,0.2109
09-12-2012,05:03:47,6.737,80.500,3.6,10.590,0.2109
09-12-2012,06:03:48,5.872,94.500,5.1,10.173,0.2109
09-12-2012,07:03:49,5.334,97.000,4.9,9.952,0.2095
09-12-2012,08:03:50,5.437,98.400,5.2,8.891,0.2051
09-12-2012,09:03:51,6.306,98.700,6.1,8.742,0.2058
09-12-2012,10:03:52,8.245,98.400,8.0,9.756,0.2058
09-12-2012,11:03:53,10.001,96.000,9.4,11.200,0.2058
09-12-2012,12:03:54,12.025,91.100,10.6,13.040,0.2066
09-12-2012,13:03:55,11.273,86.600,9.1,14.194,0.2066
09-12-2012,14:03:56,11.734,84.100,9.2,14.385,0.2073
09-12-2012,15:03:57,18.557,74.600,14.0,15.676,0.2066
09-12-2012,16:03:58,19.413,63.000,12.2,19.151,0.2073
09-12-2012,17:03:59,18.794,61.300,11.2,19.484,0.2073
09-12-2012,18:04:00,15.055,60.300,7.4,18.176,0.2073
09-12-2012,19:04:01,10.149,73.200,5.6,15.509,0.2073
09-12-2012,20:04:02,4.428,84.800,2.1,12.823,0.2066
09-12-2012,21:04:03,4.376,95.500,3.7,10.638,0.2058
09-12-2012,22:04:04,2.584,96.000,2.0,9.558,0.2058
09-12-2012,23:04:05,1.940,97.400,1.6,8.494,0.2051
10-12-2012,00:04:06,2.101,98.200,1.8,7.820,0.2051
10-12-2012,01:04:07,-2.015,95.300,-2.7,6.864,0.2051
10-12-2012,02:04:08,-2.947,93.600,-3.8,5.591,0.2051
10-12-2012,03:04:09,-2.421,90.400,-3.8,4.662,0.2044
10-12-2012,04:04:10,-2.537,81.400,-5.3,3.958,0.2044
10-12-2012,05:04:11,-3.006,73.400,-7.1,3.406,0.2037
10-12-2012,06:04:12,-3.747,70.600,-8.3,2.983,0.2044
10-12-2012,07:04:13,-0.789,65.200,-6.5,2.664,0.2044
10-12-2012,08:04:14,5.308,55.800,-2.8,2.610,0.2037
10-12-2012,09:04:15,13.497,45.500,2.0,3.301,0.2029
10-12-2012,10:04:16,17.653,46.200,6.0,7.494,0.2037
10-12-2012,11:04:17,21.175,43.800,8.4,13.016,0.2044
10-12-2012,12:04:18,24.339,48.700,12.9,18.152,0.2051
10-12-2012,13:04:19,26.426,48.400,14.7,22.321,0.2066
10-12-2012,14:04:20,27.604,49.400,16.1,25.234,0.2080
10-12-2012,15:04:21,28.493,47.000,16.1,26.695,0.2087
10-12-2012,16:04:22,27.431,44.300,14.2,26.989,0.2087
10-12-2012,17:04:23,25.574,45.100,12.8,25.890,0.2087
10-12-2012,18:04:24,22.178,47.600,10.5,23.400,0.2087
10-12-2012,19:04:25,17.534,53.800,8.1,20.698,0.2080
10-12-2012,20:04:26,8.717,68.800,3.3,17.582,0.2073
10-12-2012,21:04:27,5.539,88.500,3.8,14.697,0.2066
10-12-2012,22:04:28,4.246,89.600,2.7,12.461,0.2058
10-12-2012,23:04:29,7.519,96.200,7.0,11.929,0.2051
11-12-2012,00:04:30,6.965,96.400,6.4,11.710,0.2051
11-12-2012,01:04:31,2.423,94.500,1.6,10.858,0.2044
11-12-2012,02:04:32,0.273,95.000,-0.4,9.163,0.2044
11-12-2012,03:04:33,-0.986,93.800,-1.9,7.820,0.2037
11-12-2012,04:04:34,-3.153,90.800,-4.4,6.535,0.2037
11-12-2012,05:04:35,-5.233,88.100,-6.9,5.282,0.2037
11-12-2012,06:04:36,-6.010,86.900,-7.8,4.194,0.2022
11-12-2012,07:04:37,-3.301,91.900,-4.4,3.775,0.2022
11-12-2012,08:04:38,4.818,94.600,4.0,3.906,0.2000
11-12-2012,09:04:39,15.151,56.700,6.6,5.128,0.2000
11-12-2012,10:04:40,20.365,45.000,8.1,9.361,0.2008
11-12-2012,11:04:41,23.497,48.600,12.1,14.697,0.2015
11-12-2012,12:04:42,25.744,51.100,14.9,19.651,0.2022
11-12-2012,13:04:43,27.382,47.900,15.4,23.737,0.2022
11-12-2012,14:04:44,29.615,46.400,16.9,26.646,0.2029
11-12-2012,15:04:45,30.849,43.100,16.9,28.147,0.2029
11-12-2012,16:04:46,24.774,43.300,11.5,27.456,0.2029
11-12-2012,17:04:47,19.365,53.800,9.8,24.098,0.2029
11-12-2012,18:04:48,19.722,58.700,11.4,21.270,0.2022
11-12-2012,19:04:49,15.605,61.600,8.3,19.127,0.2015
11-12-2012,20:04:50,10.883,71.000,5.8,17.153,0.2008
11-12-2012,21:04:51,7.393,85.900,5.2,14.912,0.2008
11-12-2012,22:04:52,3.459,86.200,1.4,12.799,0.2008
11-12-2012,23:04:53,2.370,90.200,0.9,11.224,0.2000
12-12-2012,00:04:54,2.637,91.500,1.4,10.075,0.1993
12-12-2012,01:04:55,4.037,95.900,3.4,9.435,0.1993
12-12-2012,02:04:56,5.257,98.800,5.1,9.188,0.1986
12-12-2012,03:04:57,4.714,97.000,4.3,8.742,0.1986
12-12-2012,04:04:58,5.462,99.300,5.4,8.643,0.1978
12-12-2012,05:04:59,6.965,99.100,6.8,8.767,0.1978
12-12-2012,06:05:00,3.643,95.400,3.0,8.568,0.1978
12-12-2012,07:05:01,7.569,98.300,7.3,7.945,0.1971
12-12-2012,08:05:02,11.977,91.300,10.6,8.767,0.1971
12-12-2012,09:05:03,15.461,75.600,11.2,9.829,0.1964
12-12-2012,10:05:04,18.485,64.700,11.7,12.243,0.1964
12-12-2012,11:05:05,21.366,57.800,12.7,15.891,0.1964
12-12-2012,12:05:06,23.232,51.000,12.6,20.031,0.1964
12-12-2012,13:05:07,20.103,51.800,9.9,23.448,0.1971
12-12-2012,14:05:08,19.008,56.800,10.3,22.130,0.1971
12-12-2012,15:05:09,19.294,56.200,10.4,20.698,0.1971
12-12-2012,16:05:10,26.598,47.000,14.4,23.593,0.1957
12-12-2012,17:05:11,17.819,50.500,7.4,23.689,0.1957
12-12-2012,18:05:12,17.368,56.900,8.8,20.007,0.1957
12-12-2012,19:05:13,16.654,55.100,7.6,18.889,0.1949
12-12-2012,20:05:14,12.920,67.700,7.1,17.011,0.1942
12-12-2012,21:05:15,8.792,78.400,5.3,14.816,0.1942
12-12-2012,22:05:16,5.693,86.300,3.6,13.040,0.1935
12-12-2012,23:05:17,4.168,89.700,2.6,11.637,0.1928
13-12-2012,00:05:18,2.823,90.300,1.4,10.443,0.1928
13-12-2012,01:05:19,2.209,92.300,1.1,9.583,0.1920
13-12-2012,02:05:20,1.994,93.100,1.0,8.891,0.1920
13-12-2012,03:05:21,3.248,95.100,2.5,8.344,0.1913
13-12-2012,04:05:22,8.369,93.300,7.4,8.494,0.1913
13-12-2012,05:05:23,7.393,88.800,5.7,8.965,0.1913
13-12-2012,06:05:24,8.419,90.300,6.9,8.990,0.1906
13-12-2012,07:05:25,10.492,89.200,8.8,9.287,0.1913
13-12-2012,08:05:26,13.425,82.000,10.4,9.879,0.1906
13-12-2012,09:05:27,16.368,72.200,11.4,10.736,0.1906
13-12-2012,10:05:28,19.603,66.400,13.2,12.896,0.1906
13-12-2012,11:05:29,21.270,60.200,13.3,16.082,0.1906
13-12-2012,12:05:30,22.800,54.200,13.1,19.413,0.1906
13-12-2012,13:05:31,23.545,51.500,13.0,22.633,0.1899
13-12-2012,14:05:32,25.380,49.400,14.0,24.895,0.1899
13-12-2012,15:05:33,26.426,48.200,14.6,26.451,0.1891
13-12-2012,16:05:34,26.231,47.400,14.2,26.695,0.1884
13-12-2012,17:05:35,23.593,47.400,11.8,25.866,0.1877
13-12-2012,18:05:36,20.579,54.100,11.0,23.088,0.1877
13-12-2012,19:05:37,18.390,57.500,9.9,20.793,0.1870
13-12-2012,20:05:38,15.175,67.700,9.3,18.509,0.1870
13-12-2012,21:05:39,14.864,66.100,8.6,16.796,0.1862
13-12-2012,22:05:40,13.954,69.700,8.5,15.819,0.1862
13-12-2012,23:05:41,11.856,82.600,9.0,15.151,0.1855
14-12-2012,00:05:42,11.394,89.500,9.7,14.505,0.1848
14-12-2012,01:05:43,12.871,84.200,10.3,14.002,0.1855
14-12-2012,02:05:44,13.401,79.900,10.0,13.522,0.1848
14-12-2012,03:05:45,13.786,73.000,9.0,13.449,0.1848
14-12-2012,04:05:46,12.340,85.900,10.1,13.185,0.1848
14-12-2012,05:05:47,12.727,79.700,9.3,12.871,0.1848
14-12-2012,06:05:48,13.040,77.800,9.3,12.703,0.1840
14-12-2012,07:05:49,13.762,77.500,9.9,12.727,0.1840
14-12-2012,08:05:50,14.146,75.000,9.8,13.209,0.1833
14-12-2012,09:05:51,13.185,80.000,9.8,13.185,0.1833
14-12-2012,10:05:52,15.127,73.200,10.4,13.858,0.1840
14-12-2012,11:05:53,15.819,65.100,9.3,15.366,0.1833
14-12-2012,12:05:54,16.820,70.800,11.5,15.103,0.1833
14-12-2012,13:05:55,17.272,72.100,12.2,15.867,0.1833
14-12-2012,14:05:56,16.725,78.200,12.9,16.106,0.1833
14-12-2012,15:05:57,13.449,90.200,11.9,15.557,0.1826
14-12-2012,16:05:58,14.577,95.800,13.9,15.079,0.1826
14-12-2012,17:05:59,13.810,94.900,13.0,15.318,0.1826
14-12-2012,18:06:00,12.389,97.800,12.1,14.697,0.1819
14-12-2012,19:06:01,10.956,99.700,10.9,13.810,0.1811
14-12-2012,20:06:02,10.687,100.000,10.7,12.823,0.1804
14-12-2012,21:06:03,10.834,100.000,10.8,12.292,0.1797
14-12-2012,22:06:04,10.565,100.000,10.6,11.977,0.1782
14-12-2012,23:06:05,10.418,100.000,10.4,11.759,0.1768
15-12-2012,00:06:06,10.467,100.000,10.5,11.540,0.1746
15-12-2012,01:06:07,10.761,100.000,10.8,11.419,0.1753
15-12-2012,02:06:08,10.932,100.000,10.9,11.443,0.1753
15-12-2012,03:06:09,11.175,100.000,11.2,11.467,0.1782
15-12-2012,04:06:10,11.273,100.000,11.3,11.492,0.2334
15-12-2012,05:06:11,11.151,100.000,11.2,11.419,0.2763
15-12-2012,06:06:12,11.248,100.000,11.3,11.443,0.2618
15-12-2012,07:06:13,11.394,100.000,11.4,11.443,0.2799
15-12-2012,08:06:14,11.565,100.000,11.6,11.589,0.2712
15-12-2012,09:06:15,11.807,100.000,11.8,11.759,0.2676
15-12-2012,10:06:16,11.710,100.000,11.7,11.929,0.3061
15-12-2012,11:06:17,11.029,100.000,11.0,11.710,0.3075
15-12-2012,12:06:18,11.370,100.000,11.4,11.686,0.2886
15-12-2012,13:06:19,10.834,100.000,10.8,11.710,0.3148
15-12-2012,14:06:20,10.663,100.000,10.7,11.589,0.3017
15-12-2012,15:06:21,11.053,100.000,11.1,11.613,0.2995
15-12-2012,16:06:22,11.224,100.000,11.2,11.734,0.3075
15-12-2012,17:06:23,11.492,100.000,11.5,12.074,0.2908
15-12-2012,18:06:24,11.419,100.000,11.4,12.316,0.2850
15-12-2012,19:06:25,10.736,100.000,10.7,12.074,0.2828
15-12-2012,20:06:26,10.614,100.000,10.6,11.565,0.2799
15-12-2012,21:06:27,10.467,100.000,10.5,11.321,0.2777
15-12-2012,22:06:28,10.075,100.000,10.1,11.029,0.2756
15-12-2012,23:06:29,9.682,100.000,9.7,10.810,0.2741
16-12-2012,00:06:30,9.485,100.000,9.5,10.565,0.2727
16-12-2012,01:06:31,9.040,100.000,9.0,10.345,0.2719
16-12-2012,02:06:32,8.668,100.000,8.7,10.100,0.2705
16-12-2012,03:06:33,8.295,100.000,8.3,9.829,0.2698
16-12-2012,04:06:34,8.195,100.000,8.2,9.608,0.2690
16-12-2012,05:06:35,8.020,100.000,8.0,9.485,0.2683
16-12-2012,06:06:36,7.670,100.000,7.7,9.287,0.2676
16-12-2012,07:06:37,7.745,99.900,7.7,9.114,0.2668
16-12-2012,08:06:38,7.845,99.900,7.8,9.089,0.2661
16-12-2012,09:06:39,8.020,100.000,8.0,9.213,0.2654
16-12-2012,10:06:40,8.519,100.000,8.5,9.460,0.2654
16-12-2012,11:06:41,8.344,98.900,8.2,9.952,0.2647
16-12-2012,12:06:42,10.663,94.400,9.8,10.980,0.2647
16-12-2012,13:06:43,10.810,83.300,8.1,12.389,0.2639
16-12-2012,14:06:44,7.494,93.100,6.5,11.929,0.2639
16-12-2012,15:06:45,8.245,99.800,8.2,10.810,0.2639
16-12-2012,16:06:46,9.287,98.400,9.1,11.662,0.2647
16-12-2012,17:06:47,9.336,93.700,8.4,11.467,0.2647
16-12-2012,18:06:48,7.820,93.300,6.8,10.810,0.2647
16-12-2012,19:06:49,8.866,94.600,8.1,10.149,0.2639
16-12-2012,20:06:50,6.230,92.700,5.1,9.952,0.2639
16-12-2012,21:06:51,3.827,95.900,3.2,8.866,0.2639
16-12-2012,22:06:52,3.827,98.300,3.6,8.020,0.2625
16-12-2012,23:06:53,1.453,96.900,1.0,7.368,0.2625
17-12-2012,00:06:54,0.190,96.200,-0.3,6.458,0.2618
17-12-2012,01:06:55,-0.760,96.200,-1.3,5.719,0.2618
17-12-2012,02:06:56,-1.556,95.000,-2.3,5.050,0.2610
17-12-2012,03:06:57,-2.218,93.800,-3.1,4.454,0.2610
17-12-2012,04:06:58,-2.976,93.000,-4.0,3.932,0.2603
17-12-2012,05:06:59,-3.568,92.400,-4.6,3.459,0.2596
17-12-2012,06:07:00,-3.538,92.100,-4.6,3.089,0.2596
17-12-2012,07:07:01,-1.327,95.400,-2.0,2.903,0.2589
17-12-2012,08:07:02,5.437,96.700,5.0,3.221,0.2589
17-12-2012,09:07:03,8.469,82.900,5.7,4.766,0.2589
17-12-2012,10:07:04,9.608,71.500,4.7,7.192,0.2589
17-12-2012,11:07:05,14.266,72.100,9.3,9.854,0.2596
17-12-2012,12:07:06,16.106,66.900,10.0,13.906,0.2596
17-12-2012,13:07:07,17.058,64.100,10.2,17.201,0.2603
17-12-2012,14:07:08,18.200,62.000,10.8,19.246,0.2603
17-12-2012,15:07:09,19.127,61.300,11.5,19.032,0.2603
17-12-2012,16:07:10,18.033,57.700,9.6,19.532,0.2603
17-12-2012,17:07:11,17.819,56.100,9.0,19.627,0.2596
17-12-2012,18:07:12,16.153,54.000,6.9,18.200,0.2596
17-12-2012,19:07:13,12.823,58.100,4.8,15.915,0.2589
17-12-2012,20:07:14,7.494,67.600,1.9,13.473,0.2574
17-12-2012,21:07:15,5.128,78.000,1.6,11.224,0.2567
17-12-2012,22:07:16,1.561,82.000,-1.2,9.657,0.2567
17-12-2012,23:07:17,0.770,88.500,-0.9,8.319,0.2552
18-12-2012,00:07:18,2.956,85.700,0.8,7.544,0.2552
18-12-2012,01:07:19,4.141,73.900,-0.1,7.066,0.2545
18-12-2012,02:07:20,3.327,71.900,-1.3,6.636,0.2545
18-12-2012,03:07:21,3.327,76.900,-0.3,6.281,0.2538
18-12-2012,04:07:22,3.906,73.300,-0.4,6.000,0.2538
18-12-2012,05:07:23,3.722,74.300,-0.4,5.770,0.2538
18-12-2012,06:07:24,3.485,77.300,-0.1,5.539,0.2530
18-12-2012,07:07:25,5.796,75.700,1.8,5.539,0.2530
18-12-2012,08:07:26,9.312,69.000,3.9,6.000,0.2523
18-12-2012,09:07:27,12.992,60.800,5.6,6.864,0.2530
18-12-2012,10:07:28,15.438,59.200,7.5,9.163,0.2530
18-12-2012,11:07:29,18.343,58.100,10.0,12.437,0.2530
18-12-2012,12:07:30,19.888,56.400,11.0,16.558,0.2530
18-12-2012,13:07:31,21.366,58.600,12.9,19.936,0.2538
18-12-2012,14:07:32,22.226,56.800,13.3,22.178,0.2545
18-12-2012,15:07:33,23.016,54.900,13.5,23.352,0.2545
18-12-2012,16:07:34,22.800,53.600,12.9,23.737,0.2538
18-12-2012,17:07:35,22.274,54.800,12.8,22.824,0.2538
18-12-2012,18:07:36,19.722,55.600,10.6,21.151,0.2530
18-12-2012,19:07:37,13.209,64.600,6.7,18.604,0.2523
18-12-2012,20:07:38,10.075,74.900,5.8,15.819,0.2516
18-12-2012,21:07:39,7.444,83.700,4.9,13.762,0.2516
18-12-2012,22:07:40,7.192,90.000,5.7,12.268,0.2509
18-12-2012,23:07:41,7.870,87.300,5.9,11.370,0.2501
19-12-2012,00:07:42,6.940,88.900,5.2,10.638,0.2501
19-12-2012,01:07:43,5.385,88.200,3.6,10.124,0.2494
19-12-2012,02:07:44,6.509,92.100,5.3,9.534,0.2494
19-12-2012,03:07:45,6.357,90.200,4.9,9.336,0.2487
19-12-2012,04:07:46,7.795,89.100,6.1,9.089,0.2487
19-12-2012,05:07:47,7.569,88.100,5.7,8.941,0.2487
19-12-2012,06:07:48,8.270,85.100,5.9,8.866,0.2487
19-12-2012,07:07:49,10.100,81.400,7.1,8.965,0.2487
19-12-2012,08:07:50,12.437,75.400,8.2,9.336,0.2480
19-12-2012,09:07:51,15.342,68.500,9.6,10.026,0.2472
19-12-2012,10:07:52,16.415,63.400,9.5,11.832,0.2472
19-12-2012,11:07:53,14.266,63.300,7.4,14.050,0.2472
19-12-2012,12:07:54,21.151,59.400,12.9,16.368,0.2480
19-12-2012,13:07:55,22.178,52.700,12.1,19.888,0.2480
19-12-2012,14:07:56,25.186,53.100,15.0,22.561,0.2472
19-12-2012,15:07:57,24.291,53.000,14.1,23.208,0.2480
19-12-2012,16:07:58,24.243,50.100,13.2,24.002,0.2472
19-12-2012,17:07:59,22.848,51.200,12.3,23.448,0.2472
19-12-2012,18:08:00,21.485,53.000,11.5,21.748,0.2472
19-12-2012,19:08:01,19.294,54.900,10.0,19.770,0.2465
19-12-2012,20:08:02,14.864,60.800,7.4,17.605,0.2465
19-12-2012,21:08:03,14.960,62.300,7.8,15.652,0.2458
19-12-2012,22:08:04,15.294,55.300,6.4,14.649,0.2458
19-12-2012,23:08:05,15.557,52.300,5.8,14.098,0.2451
20-12-2012,00:08:06,15.939,50.200,5.6,13.738,0.2451
20-12-2012,01:08:07,16.344,48.500,5.5,13.642,0.2451
20-12-2012,02:08:08,14.577,52.700,5.0,13.497,0.2451
20-12-2012,03:08:09,12.147,69.300,6.7,13.161,0.2443
20-12-2012,04:08:10,10.541,75.500,6.4,12.582,0.2443
20-12-2012,05:08:11,7.920,89.700,6.3,11.904,0.2429
20-12-2012,06:08:12,7.217,98.800,7.0,9.903,0.2799
20-12-2012,07:08:13,7.343,99.900,7.3,9.386,0.2676
20-12-2012,08:08:14,8.195,99.600,8.1,9.509,0.2632
20-12-2012,09:08:15,10.394,91.800,9.1,10.001,0.2618
20-12-2012,10:08:16,12.534,80.600,9.3,11.613,0.2603
20-12-2012,11:08:17,15.557,71.300,10.4,13.954,0.2596
20-12-2012,12:08:18,17.724,67.200,11.6,16.701,0.2589
20-12-2012,13:08:19,18.818,63.000,11.6,19.484,0.2581
20-12-2012,14:08:20,19.841,63.300,12.7,21.437,0.2581
20-12-2012,15:08:21,21.318,60.600,13.4,22.537,0.2574
20-12-2012,16:08:22,22.298,56.200,13.2,22.753,0.2567
20-12-2012,17:08:23,21.867,52.200,11.6,22.513,0.2560
20-12-2012,18:08:24,23.713,51.800,13.2,21.294,0.2552
20-12-2012,19:08:25,17.891,59.500,9.9,19.912,0.2545
20-12-2012,20:08:26,10.565,73.900,6.1,17.629,0.2530
20-12-2012,21:08:27,6.940,87.900,5.1,15.055,0.2530
20-12-2012,22:08:28,8.070,95.000,7.3,13.473,0.2523
20-12-2012,23:08:29,8.841,95.600,8.2,13.064,0.2516
21-12-2012,00:08:30,8.245,95.200,7.5,12.703,0.2516
21-12-2012,01:08:31,3.670,91.400,2.4,11.734,0.2509
21-12-2012,02:08:32,3.617,92.500,2.5,10.075,0.2501
21-12-2012,03:08:33,1.534,92.500,0.4,9.163,0.2501
21-12-2012,04:08:34,0.715,91.900,-0.5,8.270,0.2494
21-12-2012,05:08:35,1.643,95.300,1.0,7.670,0.2494
21-12-2012,06:08:36,2.450,95.700,1.8,7.268,0.2487
21-12-2012,07:08:37,6.000,98.800,5.8,7.142,0.2487
21-12-2012,08:08:38,9.435,94.700,8.6,7.870,0.2487
21-12-2012,09:08:39,13.329,76.800,9.4,8.792,0.2487
21-12-2012,10:08:40,16.463,66.600,10.2,11.127,0.2487
21-12-2012,11:08:41,19.103,59.100,10.9,14.529,0.2480
21-12-2012,12:08:42,21.413,56.000,12.3,18.390,0.2487
21-12-2012,13:08:43,24.315,52.800,14.1,21.748,0.2494
21-12-2012,14:08:44,24.122,48.600,12.6,24.363,0.2494
21-12-2012,15:08:45,24.919,49.300,13.6,25.428,0.2494
21-12-2012,16:08:46,25.210,46.400,12.9,25.841,0.2494
21-12-2012,17:08:47,23.352,45.000,10.8,25.113,0.2487
21-12-2012,18:08:48,22.896,46.500,10.8,23.232,0.2480
21-12-2012,19:08:49,23.016,48.600,11.6,21.413,0.2472
21-12-2012,20:08:50,12.268,66.800,6.3,19.341,0.2465
21-12-2012,21:08:51,8.543,86.300,6.4,16.415,0.2458
21-12-2012,22:08:52,6.230,87.700,4.3,14.385,0.2458
21-12-2012,23:08:53,4.324,88.700,2.6,12.871,0.2443
22-12-2012,00:08:54,2.930,89.200,1.3,11.467,0.2436
22-12-2012,01:08:55,1.805,89.700,0.3,10.369,0.2436
22-12-2012,02:08:56,4.324,93.100,3.3,9.608,0.2429
22-12-2012,03:08:57,4.818,86.200,2.7,9.509,0.2429
22-12-2012,04:08:58,6.281,81.700,3.4,9.238,0.2429
22-12-2012,05:08:59,7.670,73.000,3.1,9.040,0.2422
22-12-2012,06:09:00,8.095,74.100,3.8,8.916,0.2422
22-12-2012,07:09:01,10.198,70.700,5.1,9.040,0.2422
22-12-2012,08:09:02,12.703,64.000,6.1,9.485,0.2422
22-12-2012,09:09:03,14.337,62.300,7.2,10.198,0.2422
22-12-2012,10:09:04,17.130,56.500,8.4,11.929,0.2414
22-12-2012,11:09:05,19.294,54.000,9.8,14.721,0.2414
22-12-2012,12:09:06,21.270,52.700,11.2,18.152,0.2414
22-12-2012,13:09:07,23.328,51.900,12.9,21.772,0.2422
22-12-2012,14:09:08,24.750,49.900,13.6,24.508,0.2422
22-12-2012,15:09:09,26.207,47.700,14.3,26.182,0.2422
22-12-2012,16:09:10,27.210,44.600,14.1,26.622,0.2414
22-12-2012,17:09:11,26.109,43.800,12.9,26.036,0.2414
22-12-2012,18:09:12,22.968,44.700,10.3,24.219,0.2414
22-12-2012,19:09:13,18.699,53.200,9.0,21.604,0.2407
22-12-2012,20:09:14,12.968,66.400,6.9,18.937,0.2400
22-12-2012,21:09:15,7.670,79.400,4.3,16.392,0.2392
22-12-2012,22:09:16,5.385,85.600,3.2,14.337,0.2385
22-12-2012,23:09:17,5.642,91.000,4.3,12.871,0.2378
23-12-2012,00:09:18,3.854,90.700,2.5,12.074,0.2378
23-12-2012,01:09:19,4.272,92.200,3.1,11.005,0.2371
23-12-2012,02:09:20,3.749,93.300,2.8,10.369,0.2371
23-12-2012,03:09:21,7.619,92.100,6.4,10.247,0.2363
23-12-2012,04:09:22,8.419,87.500,6.5,10.320,0.2363
23-12-2012,05:09:23,10.810,79.700,7.5,10.492,0.2356
23-12-2012,06:09:24,11.565,74.200,7.1,10.712,0.2356
23-12-2012,07:09:25,13.329,81.800,10.3,11.102,0.2363
23-12-2012,08:09:26,15.605,84.500,13.0,11.880,0.2363
23-12-2012,09:09:27,17.439,82.300,14.4,12.799,0.2363
23-12-2012,10:09:28,20.150,78.300,16.3,14.601,0.2356
23-12-2012,11:09:29,21.915,73.600,17.0,17.058,0.2356
23-12-2012,12:09:30,23.160,69.800,17.4,19.960,0.2356
23-12-2012,13:09:31,24.002,66.900,17.5,22.776,0.2356
23-12-2012,14:09:32,22.776,66.000,16.1,24.050,0.2356
23-12-2012,15:09:33,17.034,76.900,13.0,21.819,0.2363
23-12-2012,16:09:34,16.701,79.500,13.2,19.960,0.2363
23-12-2012,17:09:35,15.891,78.700,12.2,18.057,0.2356
23-12-2012,18:09:36,18.057,75.600,13.7,16.844,0.2356
23-12-2012,19:09:37,21.772,65.800,15.1,17.368,0.2349
23-12-2012,20:09:38,15.605,71.600,10.5,17.082,0.2349
23-12-2012,21:09:39,11.953,85.100,9.5,15.223,0.2342
23-12-2012,22:09:40,12.195,87.600,10.2,14.266,0.2342
23-12-2012,23:09:41,12.799,86.400,10.6,13.690,0.2342
24-12-2012,00:09:42,13.016,84.700,10.5,13.401,0.2334
24-12-2012,01:09:43,13.161,86.600,11.0,13.233,0.2334
24-12-2012,02:09:44,13.088,88.700,11.3,13.161,0.2334
24-12-2012,03:09:45,13.088,84.900,10.6,13.016,0.2334
24-12-2012,04:09:46,13.088,84.800,10.6,12.847,0.2334
24-12-2012,05:09:47,13.666,81.400,10.6,12.775,0.2334
24-12-2012,06:09:48,13.257,81.900,10.2,12.823,0.2334
24-12-2012,07:09:49,12.823,85.900,10.5,12.775,0.2334
24-12-2012,08:09:50,12.896,91.600,11.6,12.823,0.2327
24-12-2012,09:09:51,13.738,92.400,12.5,13.064,0.2327
24-12-2012,10:09:52,14.026,90.000,12.4,13.473,0.2334
24-12-2012,11:09:53,20.031,80.900,16.7,14.792,0.2327
24-12-2012,12:09:54,20.388,72.900,15.4,18.152,0.2320
24-12-2012,13:09:55,22.369,75.100,17.8,19.484,0.2320
24-12-2012,14:09:56,20.317,74.400,15.6,20.579,0.2320
24-12-2012,15:09:57,23.040,73.000,18.0,20.793,0.2320
24-12-2012,16:09:58,21.533,69.800,15.8,21.676,0.2313
24-12-2012,17:09:59,17.867,86.600,15.6,20.841,0.2269
24-12-2012,18:10:00,15.509,78.500,11.8,18.628,0.2276
24-12-2012,19:10:01,16.773,62.000,9.5,16.106,0.2269
24-12-2012,20:10:02,13.137,57.800,5.0,14.577,0.2269
24-12-2012,21:10:03,11.467,93.400,10.5,13.858,0.2262
24-12-2012,22:10:04,9.903,98.300,9.7,13.570,0.2262
24-12-2012,23:10:05,8.120,98.400,7.9,12.823,0.2262
25-12-2012,00:10:06,7.217,98.500,7.0,12.025,0.2262
25-12-2012,01:10:07,6.687,98.600,6.5,11.370,0.2262
25-12-2012,02:10:08,6.484,98.800,6.3,10.858,0.2254
25-12-2012,03:10:09,6.484,99.100,6.4,10.516,0.2254
25-12-2012,04:10:10,6.357,99.400,6.3,10.271,0.2254
25-12-2012,05:10:11,2.262,96.800,1.8,9.731,0.2254
25-12-2012,06:10:12,2.956,97.900,2.7,8.494,0.2254
25-12-2012,07:10:13,3.932,99.300,3.8,8.245,0.2247
25-12-2012,08:10:14,6.864,99.800,6.8,8.045,0.2247
25-12-2012,09:10:15,11.904,94.500,11.1,9.139,0.2247
25-12-2012,10:10:16,15.796,80.800,12.5,11.832,0.2254
25-12-2012,11:10:17,18.985,71.900,13.8,15.461,0.2254
25-12-2012,12:10:18,21.628,68.500,15.6,19.460,0.2262
25-12-2012,13:10:19,23.713,65.400,16.9,22.920,0.2262
25-12-2012,14:10:20,24.098,61.300,16.2,25.162,0.2269
25-12-2012,15:10:21,23.954,59.100,15.5,25.210,0.2269
25-12-2012,16:10:22,23.208,59.600,14.9,25.065,0.2269
25-12-2012,17:10:23,21.987,57.600,13.3,24.267,0.2269
25-12-2012,18:10:24,18.652,61.600,11.1,22.011,0.2262
25-12-2012,19:10:25,11.297,67.300,5.5,19.579,0.2254
25-12-2012,20:10:26,7.619,84.500,5.2,16.558,0.2254
25-12-2012,21:10:27,6.230,91.300,4.9,14.337,0.2247
25-12-2012,22:10:28,4.636,92.500,3.5,12.847,0.2240
25-12-2012,23:10:29,2.690,95.300,2.0,11.346,0.2240
26-12-2012,00:10:30,1.153,96.300,0.6,10.149,0.2233
26-12-2012,01:10:31,-0.004,95.100,-0.7,9.040,0.2233
26-12-2012,02:10:32,-0.845,93.800,-1.7,7.995,0.2225
26-12-2012,03:10:33,-1.470,94.000,-2.3,7.116,0.2225
26-12-2012,04:10:34,-2.102,91.500,-3.3,6.281,0.2218
26-12-2012,05:10:35,-2.596,92.400,-3.7,5.719,0.2218
26-12-2012,06:10:36,-3.212,91.400,-4.4,5.102,0.2211
26-12-2012,07:10:37,-0.004,96.500,-0.5,4.844,0.2204
26-12-2012,08:10:38,4.947,99.600,4.9,5.282,0.2204
26-12-2012,09:10:39,11.419,88.900,9.7,6.611,0.2211
26-12-2012,10:10:40,16.201,71.700,11.1,9.928,0.2211
26-12-2012,11:10:41,20.055,58.700,11.7,14.505,0.2211
26-12-2012,12:10:42,23.304,58.600,14.8,19.294,0.2218
26-12-2012,13:10:43,26.378,55.800,16.9,23.448,0.2225
26-12-2012,14:10:44,28.072,51.500,17.2,26.109,0.2225
26-12-2012,15:10:45,18.414,49.700,7.7,25.137,0.2233
26-12-2012,16:10:46,16.868,54.100,7.5,22.250,0.2233
26-12-2012,17:10:47,14.337,61.800,7.1,19.770,0.2233
26-12-2012,18:10:48,13.112,68.900,7.5,17.582,0.2225
26-12-2012,19:10:49,12.292,68.000,6.6,16.463,0.2218
26-12-2012,20:10:50,9.040,72.800,4.4,15.151,0.2218
26-12-2012,21:10:51,5.462,83.300,2.9,13.257,0.2218
26-12-2012,22:10:52,4.584,90.700,3.2,11.759,0.2211
26-12-2012,23:10:53,2.101,89.200,0.5,10.541,0.2211
27-12-2012,00:10:54,1.262,90.700,-0.1,9.435,0.2204
27-12-2012,01:10:55,4.115,94.900,3.4,8.742,0.2196
27-12-2012,02:10:56,4.766,92.400,3.6,8.593,0.2196
27-12-2012,03:10:57,5.024,93.500,4.1,8.444,0.2196
27-12-2012,04:10:58,4.792,93.800,3.9,8.344,0.2189
27-12-2012,05:10:59,5.076,94.100,4.2,8.245,0.2189
27-12-2012,06:11:00,5.847,94.200,5.0,8.120,0.2189
27-12-2012,07:11:01,7.945,91.300,6.6,8.319,0.2189
27-12-2012,08:11:02,10.736,85.900,8.5,8.990,0.2182
27-12-2012,09:11:03,14.505,75.800,10.3,9.805,0.2189
27-12-2012,10:11:04,16.606,69.900,11.1,11.832,0.2189
27-12-2012,11:11:05,18.937,66.700,12.6,14.601,0.2189
27-12-2012,12:11:06,19.460,62.900,12.2,18.033,0.2189
27-12-2012,13:11:07,20.650,60.500,12.8,21.294,0.2189
27-12-2012,14:11:08,19.341,60.800,11.6,23.256,0.2189
27-12-2012,15:11:09,20.841,59.800,12.8,22.968,0.2189
27-12-2012,16:11:10,19.627,63.500,12.5,21.915,0.2189
27-12-2012,17:11:11,20.484,58.100,12.0,22.657,0.2182
27-12-2012,18:11:12,15.031,63.200,8.1,21.079,0.2182
27-12-2012,19:11:13,16.034,71.200,10.8,18.200,0.2182
27-12-2012,20:11:14,10.541,75.700,6.4,16.415,0.2167
27-12-2012,21:11:15,9.361,85.900,7.1,14.481,0.2167
27-12-2012,22:11:16,8.394,86.800,6.3,13.329,0.2167
27-12-2012,23:11:17,9.312,85.200,7.0,12.534,0.2160
28-12-2012,00:11:18,9.682,76.600,5.8,12.050,0.2153
28-12-2012,01:11:19,10.907,70.800,5.8,11.662,0.2153
28-12-2012,02:11:20,10.492,68.800,5.0,11.492,0.2153
28-12-2012,03:11:21,9.312,71.500,4.4,11.127,0.2153
28-12-2012,04:11:22,7.995,77.300,4.3,10.614,0.2153
28-12-2012,05:11:23,5.642,90.100,4.2,10.149,0.2146
28-12-2012,06:11:24,5.924,96.800,5.5,10.051,0.2146
28-12-2012,07:11:25,7.066,97.700,6.7,10.149,0.2146
28-12-2012,08:11:26,8.494,95.600,7.8,10.638,0.2146
28-12-2012,09:11:27,9.064,93.100,8.0,11.273,0.2146
28-12-2012,10:11:28,12.147,89.500,10.5,12.219,0.2146
28-12-2012,11:11:29,20.841,71.300,15.5,15.676,0.2146
28-12-2012,12:11:30,23.184,61.400,15.4,20.222,0.2138
28-12-2012,13:11:31,26.109,57.300,17.0,24.219,0.2146
28-12-2012,14:11:32,26.451,52.400,15.9,27.259,0.2146
28-12-2012,15:11:33,25.987,50.900,15.1,28.394,0.2138
28-12-2012,16:11:34,28.295,46.000,15.6,28.642,0.2138
28-12-2012,17:11:35,25.404,44.600,12.5,27.653,0.2131
28-12-2012,18:11:36,21.987,48.400,10.6,25.307,0.2124
28-12-2012,19:11:37,18.295,52.600,8.5,22.585,0.2124
28-12-2012,20:11:38,8.593,70.400,3.5,19.127,0.2109
28-12-2012,21:11:39,5.024,88.200,3.2,15.891,0.2102
28-12-2012,22:11:40,4.869,89.300,3.3,13.834,0.2102
28-12-2012,23:11:41,3.459,76.500,-0.3,12.364,0.2095
29-12-2012,00:11:42,2.823,65.700,-3.0,11.175,0.2087
29-12-2012,01:11:43,3.036,55.500,-5.0,10.296,0.2080
29-12-2012,02:11:44,2.956,55.900,-5.0,9.435,0.2080
29-12-2012,03:11:45,2.423,40.800,-9.5,8.841,0.2073
29-12-2012,04:11:46,0.051,62.300,-6.3,8.170,0.2073
29-12-2012,05:11:47,-0.367,81.900,-3.1,7.544,0.2066
29-12-2012,06:11:48,-0.423,85.400,-2.6,7.015,0.2066
29-12-2012,07:11:49,5.693,77.000,2.0,6.864,0.2058
29-12-2012,08:11:50,11.613,53.300,2.4,7.770,0.2051
29-12-2012,09:11:51,15.342,43.500,3.0,8.990,0.2051
29-12-2012,10:11:52,19.389,41.000,5.8,11.248,0.2051
29-12-2012,11:11:53,22.321,40.700,8.3,14.912,0.2051
29-12-2012,12:11:54,23.328,40.800,9.3,19.008,0.2051
29-12-2012,13:11:55,26.475,40.100,11.8,23.040,0.2044
29-12-2012,14:11:56,28.270,39.900,13.4,26.426,0.2044
29-12-2012,15:11:57,28.369,37.000,12.3,28.320,0.2037
29-12-2012,16:11:58,25.793,34.100,8.8,28.320,0.2029
29-12-2012,17:11:59,26.426,35.200,9.8,27.554,0.2029
29-12-2012,18:12:00,24.484,36.000,8.5,25.720,0.2022
29-12-2012,19:12:01,18.913,47.800,7.6,22.872,0.2015
29-12-2012,20:12:02,9.903,72.200,5.1,19.199,0.2015
29-12-2012,21:12:03,6.153,88.600,4.4,16.010,0.2008
29-12-2012,22:12:04,3.880,90.800,2.5,13.714,0.2000
29-12-2012,23:12:05,7.820,96.300,7.3,12.751,0.1993
30-12-2012,00:12:06,7.770,96.700,7.3,12.968,0.1986
30-12-2012,01:12:07,6.611,95.900,6.0,12.558,0.1986
30-12-2012,02:12:08,1.017,91.700,-0.2,11.029,0.1986
30-12-2012,03:12:09,-0.339,91.800,-1.5,9.410,0.1986
30-12-2012,04:12:10,-1.814,90.600,-3.2,8.195,0.1978
30-12-2012,05:12:11,-3.242,88.800,-4.8,7.167,0.1978
30-12-2012,06:12:12,-4.469,87.500,-6.2,6.102,0.1971
30-12-2012,07:12:13,-2.508,90.300,-3.9,5.539,0.1964
30-12-2012,08:12:14,6.458,83.600,3.9,5.668,0.1964
30-12-2012,09:12:15,16.439,48.200,5.5,6.788,0.1957
30-12-2012,10:12:16,21.199,39.800,7.0,10.492,0.1957
30-12-2012,11:12:17,24.774,46.600,12.6,15.772,0.1957
30-12-2012,12:12:18,26.598,49.300,15.1,20.770,0.1957
30-12-2012,13:12:19,28.841,47.300,16.5,25.089,0.1957
30-12-2012,14:12:20,29.240,44.600,16.0,28.122,0.1957
30-12-2012,15:12:21,31.535,42.200,17.2,29.916,0.1949
30-12-2012,16:12:22,22.441,43.200,9.3,29.315,0.1949
30-12-2012,17:12:23,20.936,53.200,11.1,24.968,0.1957
30-12-2012,18:12:24,24.460,47.400,12.6,23.593,0.1942
30-12-2012,19:12:25,20.198,45.900,8.2,22.154,0.1935
30-12-2012,20:12:26,11.127,58.800,3.4,19.008,0.1935
30-12-2012,21:12:27,5.179,77.300,1.5,15.509,0.1928
30-12-2012,22:12:28,2.930,85.300,0.7,13.088,0.1920
30-12-2012,23:12:29,1.643,87.400,-0.2,11.492,0.1913
31-12-2012,00:12:30,0.907,89.100,-0.7,10.320,0.1913
31-12-2012,01:12:31,0.273,90.300,-1.1,9.386,0.1906
31-12-2012,02:12:32,4.532,94.600,3.7,8.717,0.1906
31-12-2012,03:12:33,7.293,90.500,5.8,9.040,0.1899
31-12-2012,04:12:34,9.928,74.500,5.6,9.509,0.1891
31-12-2012,05:12:35,10.492,65.200,4.2,9.903,0.1891
31-12-2012,06:12:36,10.418,65.500,4.2,10.026,0.1891
31-12-2012,07:12:37,11.686,64.200,5.2,10.149,0.1899
31-12-2012,08:12:38,13.377,63.300,6.6,10.467,0.1899
31-12-2012,09:12:39,15.772,58.500,7.7,11.127,0.1891
31-12-2012,10:12:40,17.915,55.600,8.9,12.847,0.1891
31-12-2012,11:12:41,19.674,54.700,10.3,15.819,0.1891
31-12-2012,12:12:42,21.748,53.700,12.0,19.151,0.1884
31-12-2012,13:12:43,23.016,52.900,12.9,22.753,0.1884
31-12-2012,14:12:44,24.460,51.000,13.7,25.671,0.1884
31-12-2012,15:12:45,25.501,50.200,14.4,27.259,0.1877
31-12-2012,16:12:46,25.574,48.900,14.1,27.875,0.1877
31-12-2012,17:12:47,24.315,44.500,11.5,27.210,0.1870
31-12-2012,18:12:48,22.178,39.200,7.7,24.847,0.1862
31-12-2012,19:12:49,19.080,37.900,4.4,22.034,0.1862
31-12-2012,20:12:50,13.858,44.800,2.1,18.889,0.1855
31-12-2012,21:12:51,12.025,45.000,0.5,16.034,0.1840
31-12-2012,22:12:52,10.394,42.400,-1.8,14.337,0.1840
31-12-2012,23:12:53,9.015,45.600,-2.1,13.137,0.1833
01-01-2013,00:12:54,8.419,55.800,0.1,12.050,0.1826
01-01-2013,01:12:55,9.608,53.300,0.6,11.394,0.1826
01-01-2013,02:12:56,9.731,54.000,0.9,11.127,0.1819
01-01-2013,03:12:57,9.756,56.200,1.5,10.932,0.1819
01-01-2013,04:12:58,10.467,56.800,2.3,10.810,0.1819
01-01-2013,05:12:59,9.706,57.200,1.7,10.687,0.1811
01-01-2013,06:13:00,9.805,48.000,-0.7,10.369,0.1811
01-01-2013,07:13:01,10.590,47.500,-0.1,10.394,0.1811
01-01-2013,08:13:02,12.171,47.900,1.5,10.736,0.1811
01-01-2013,09:13:03,15.414,38.100,1.2,11.394,0.1811
01-01-2013,10:13:04,18.176,41.400,4.9,13.064,0.1811
01-01-2013,11:13:05,20.150,43.200,7.3,16.034,0.1804
01-01-2013,12:13:06,21.342,46.500,9.4,19.484,0.1804
01-01-2013,13:13:07,23.112,46.900,11.2,22.729,0.1804
01-01-2013,14:13:08,23.208,45.800,10.9,25.040,0.1804
01-01-2013,15:13:09,24.412,43.600,11.2,26.085,0.1797
01-01-2013,16:13:10,23.881,40.100,9.5,26.231,0.1797
01-01-2013,17:13:11,23.184,37.600,7.9,25.162,0.1790
01-01-2013,18:13:12,20.913,40.300,6.9,23.232,0.1790
01-01-2013,19:13:13,19.222,41.600,5.9,20.913,0.1782
01-01-2013,20:13:14,14.697,45.900,3.2,18.485,0.1775
01-01-2013,21:13:15,13.329,55.200,4.5,16.177,0.1768
01-01-2013,22:13:16,11.832,60.000,4.3,14.792,0.1761
01-01-2013,23:13:17,9.460,70.500,4.4,13.666,0.1761
02-01-2013,00:13:18,8.742,78.700,5.3,12.606,0.1753
02-01-2013,01:13:19,6.940,75.800,3.0,11.686,0.1753
02-01-2013,02:13:20,1.940,81.400,-0.9,10.394,0.1746
02-01-2013,03:13:21,0.495,88.900,-1.1,9.015,0.1746
02-01-2013,04:13:22,2.074,91.900,0.9,8.245,0.1746
02-01-2013,05:13:23,3.775,73.400,-0.5,7.820,0.1739
02-01-2013,06:13:24,0.522,63.200,-5.7,7.293,0.1739
02-01-2013,07:13:25,4.063,62.400,-2.5,6.661,0.1732
02-01-2013,08:13:26,7.970,51.500,-1.4,6.990,0.1732
02-01-2013,09:13:27,15.605,53.700,6.3,8.145,0.1732
02-01-2013,10:13:28,20.103,47.900,8.7,11.443,0.1732
02-01-2013,11:13:29,23.930,43.500,10.8,16.177,0.1732
02-01-2013,12:13:30,26.842,37.900,11.3,20.889,0.1732
02-01-2013,13:13:31,29.815,38.200,14.1,25.598,0.1739
02-01-2013,14:13:32,32.433,36.900,15.8,29.315,0.1739
02-01-2013,15:13:33,32.639,37.800,16.4,31.382,0.1732
02-01-2013,16:13:34,32.949,35.500,15.7,31.868,0.1732
02-01-2013,17:13:35,30.369,35.600,13.5,30.849,0.1732
02-01-2013,18:13:36,27.530,37.800,11.9,28.147,0.1724
02-01-2013,19:13:37,23.328,42.500,9.9,24.798,0.1724
02-01-2013,20:13:38,12.847,52.900,3.5,21.056,0.1717
02-01-2013,21:13:39,8.245,74.000,3.9,17.391,0.1702
02-01-2013,22:13:40,7.619,77.700,4.0,15.247,0.1695
02-01-2013,23:13:41,7.820,72.800,3.3,13.954,0.1695
03-01-2013,00:13:42,7.041,63.700,0.6,12.944,0.1688
03-01-2013,01:13:43,7.041,55.600,-1.2,11.904,0.1681
03-01-2013,02:13:44,7.293,74.200,3.0,11.540,0.1681
03-01-2013,03:13:45,6.788,83.900,4.3,11.175,0.1673
03-01-2013,04:13:46,7.619,82.200,4.8,10.858,0.1673
03-01-2013,05:13:47,6.509,82.200,3.7,10.614,0.1673
03-01-2013,06:13:48,7.895,81.900,5.0,10.296,0.1673
03-01-2013,07:13:49,10.100,77.800,6.4,10.394,0.1673
03-01-2013,08:13:50,14.050,72.500,9.2,10.907,0.1673
03-01-2013,09:13:51,20.388,61.400,12.7,12.074,0.1673
03-01-2013,10:13:52,24.122,55.100,14.6,15.031,0.1673
03-01-2013,11:13:53,27.850,50.800,16.7,19.365,0.1673
03-01-2013,12:13:54,29.540,46.700,17.0,23.737,0.1673
03-01-2013,13:13:55,32.278,44.300,18.6,27.875,0.1681
03-01-2013,14:13:56,33.235,40.200,17.9,30.976,0.1673
03-01-2013,15:13:57,35.662,37.400,18.9,33.235,0.1673
03-01-2013,16:13:58,36.092,36.800,19.0,33.626,0.1673
03-01-2013,17:13:59,33.521,34.000,15.5,32.691,0.1666
03-01-2013,18:14:00,31.204,39.500,15.8,29.090,0.1666
03-01-2013,19:14:01,26.085,40.500,11.6,26.475,0.1659
03-01-2013,20:14:02,17.296,51.000,7.1,23.040,0.1652
03-01-2013,21:14:03,12.098,72.400,7.3,19.555,0.1644
03-01-2013,22:14:04,10.124,83.100,7.4,17.272,0.1630
03-01-2013,23:14:05,8.519,86.500,6.4,15.724,0.1630
04-01-2013,00:14:06,8.170,89.400,6.5,14.481,0.1623
04-01-2013,01:14:07,8.618,92.600,7.5,13.762,0.1615
04-01-2013,02:14:08,10.932,84.800,8.5,13.449,0.1615
04-01-2013,03:14:09,10.443,81.000,7.3,13.185,0.1615
04-01-2013,04:14:10,12.558,78.900,9.0,12.968,0.1615
04-01-2013,05:14:11,11.613,74.800,7.3,12.944,0.1608
04-01-2013,06:14:12,9.558,82.800,6.8,12.316,0.1608
04-01-2013,07:14:13,14.314,76.400,10.2,12.316,0.1615
04-01-2013,08:14:14,18.081,61.300,10.5,12.992,0.1608
04-01-2013,09:14:15,20.865,47.900,9.4,13.810,0.1608
04-01-2013,10:14:16,22.872,43.700,9.9,15.796,0.1608
04-01-2013,11:14:17,24.532,40.300,10.2,18.557,0.1608
04-01-2013,12:14:18,26.769,38.500,11.5,21.915,0.1608
04-01-2013,13:14:19,27.235,35.400,10.6,25.283,0.1608
04-01-2013,14:14:20,28.866,33.600,11.3,27.751,0.1608
04-01-2013,15:14:21,30.318,32.700,12.1,29.815,0.1601
04-01-2013,16:14:22,30.748,31.100,11.7,30.596,0.1601
04-01-2013,17:14:23,29.640,29.300,9.9,29.966,0.1594
04-01-2013,18:14:24,27.825,29.000,8.2,27.677,0.1594
04-01-2013,19:14:25,24.243,30.900,6.0,24.895,0.1586
04-01-2013,20:14:26,18.723,36.500,3.6,21.676,0.1586
04-01-2013,21:14:27,17.130,41.600,4.0,18.985,0.1579
04-01-2013,22:14:28,16.153,45.100,4.3,17.534,0.1572
04-01-2013,23:14:29,10.834,58.700,3.1,16.225,0.1572
05-01-2013,00:14:30,13.642,64.500,7.1,14.936,0.1564
05-01-2013,01:14:31,15.031,55.000,6.1,14.673,0.1557
05-01-2013,02:14:32,15.079,53.400,5.7,14.553,0.1557
05-01-2013,03:14:33,14.768,55.900,6.1,14.337,0.1550
05-01-2013,04:14:34,14.888,58.900,6.9,14.146,0.1550
05-01-2013,05:14:35,17.177,59.000,9.1,14.194,0.1550
05-01-2013,06:14:36,16.582,59.500,8.7,14.433,0.1550
05-01-2013,07:14:37,17.986,61.700,10.5,14.577,0.1550
05-01-2013,08:14:38,20.079,58.400,11.7,15.127,0.1550
05-01-2013,09:14:39,22.274,53.700,12.5,15.867,0.1550
05-01-2013,10:14:40,24.992,50.600,14.1,17.629,0.1543
05-01-2013,11:14:41,27.505,47.400,15.3,20.555,0.1550
05-01-2013,12:14:42,29.590,45.100,16.5,23.809,0.1550
05-01-2013,13:14:43,31.153,42.900,17.1,27.505,0.1550
05-01-2013,14:14:44,32.021,40.400,16.9,30.545,0.1550
05-01-2013,15:14:45,33.443,38.000,17.2,32.330,0.1543
05-01-2013,16:14:46,34.492,35.000,16.8,33.079,0.1543
05-01-2013,17:14:47,33.495,33.200,15.1,32.639,0.1543
05-01-2013,18:14:48,23.713,37.500,8.4,29.765,0.1543
05-01-2013,19:14:49,26.842,40.900,12.5,24.750,0.1535
05-01-2013,20:14:50,19.436,38.400,4.9,22.968,0.1528
05-01-2013,21:14:51,15.939,46.400,4.5,19.888,0.1521
05-01-2013,22:14:52,11.807,65.300,5.5,17.938,0.1514
05-01-2013,23:14:53,10.198,79.300,6.8,16.415,0.1506
06-01-2013,00:14:54,12.437,71.700,7.5,15.676,0.1499
06-01-2013,01:14:55,11.467,69.500,6.1,15.103,0.1499
06-01-2013,02:14:56,14.002,73.600,9.4,14.242,0.1492
06-01-2013,03:14:57,15.724,61.100,8.3,14.385,0.1492
06-01-2013,04:14:58,14.505,67.200,8.5,14.314,0.1485
06-01-2013,05:14:59,14.601,69.300,9.1,14.122,0.1492
06-01-2013,06:15:00,15.127,69.700,9.6,14.002,0.1485
06-01-2013,07:15:01,17.653,64.200,10.8,14.218,0.1485
06-01-2013,08:15:02,20.746,55.300,11.5,14.888,0.1492
06-01-2013,09:15:03,23.785,49.100,12.5,15.843,0.1485
06-01-2013,10:15:04,25.866,46.100,13.4,17.843,0.1492
06-01-2013,11:15:05,28.320,44.600,15.1,20.984,0.1492
06-01-2013,12:15:06,29.941,43.100,16.1,24.581,0.1492
06-01-2013,13:15:07,31.612,38.500,15.8,27.998,0.1492
06-01-2013,14:15:08,34.045,36.000,16.9,31.382,0.1492
06-01-2013,15:15:09,39.065,35.400,21.0,34.019,0.1492
06-01-2013,16:15:10,34.071,40.800,18.9,33.704,0.1492
06-01-2013,17:15:11,33.079,42.500,18.7,32.587,0.1492
06-01-2013,18:15:12,28.965,48.300,17.0,30.394,0.1485
06-01-2013,19:15:13,23.545,55.400,14.1,27.161,0.1485
06-01-2013,20:15:14,16.010,71.500,10.9,23.569,0.1477
06-01-2013,21:15:15,12.799,88.100,10.9,20.460,0.1470
06-01-2013,22:15:16,11.856,94.600,11.0,18.485,0.1463
06-01-2013,23:15:17,10.907,94.700,10.1,17.177,0.1456
07-01-2013,00:15:18,10.051,92.400,8.9,16.010,0.1456
07-01-2013,01:15:19,12.050,94.200,11.2,15.127,0.1448
07-01-2013,02:15:20,11.248,91.800,10.0,14.936,0.1448
07-01-2013,03:15:21,12.823,91.900,11.6,14.577,0.1441
07-01-2013,04:15:22,9.089,90.100,7.6,14.122,0.1441
07-01-2013,05:15:23,13.305,92.200,12.1,13.618,0.1441
07-01-2013,06:15:24,13.762,89.000,12.0,13.834,0.1441
07-01-2013,07:15:25,16.439,81.400,13.3,14.074,0.1441
07-01-2013,08:15:26,19.770,65.500,13.1,14.697,0.1441
07-01-2013,09:15:27,21.628,56.600,12.7,15.557,0.1441
07-01-2013,10:15:28,22.729,50.900,12.1,17.082,0.1441
07-01-2013,11:15:29,24.629,49.300,13.3,19.698,0.1448
07-01-2013,12:15:30,26.158,41.100,11.9,22.513,0.1448
07-01-2013,13:15:31,27.801,41.000,13.4,25.768,0.1448
07-01-2013,14:15:32,28.965,42.400,14.9,28.816,0.1448
07-01-2013,15:15:33,30.091,41.800,15.7,30.646,0.1448
07-01-2013,16:15:34,30.167,41.300,15.6,31.255,0.1448
07-01-2013,17:15:35,28.444,41.400,14.1,30.520,0.1448
07-01-2013,18:15:36,26.378,43.300,12.9,28.196,0.1448
07-01-2013,19:15:37,23.857,45.900,11.5,25.380,0.1441
07-01-2013,20:15:38,20.055,52.100,9.9,22.585,0.1441
07-01-2013,21:15:39,19.246,58.100,10.8,20.341,0.1434
07-01-2013,22:15:40,20.007,55.100,10.7,19.222,0.1426
07-01-2013,23:15:41,20.627,50.600,10.0,18.723,0.1426
08-01-2013,00:15:42,19.056,51.100,8.7,18.224,0.1419
08-01-2013,01:15:43,18.889,45.500,6.9,17.558,0.1419
08-01-2013,02:15:44,18.057,50.100,7.5,17.034,0.1419
08-01-2013,03:15:45,16.987,59.500,9.1,16.487,0.1412
08-01-2013,04:15:46,16.582,62.000,9.3,16.082,0.1412
08-01-2013,05:15:47,17.130,55.700,8.2,15.676,0.1412
08-01-2013,06:15:48,16.058,55.700,7.2,15.366,0.1412
08-01-2013,07:15:49,16.725,54.000,7.4,15.127,0.1412
08-01-2013,08:15:50,18.485,55.500,9.4,15.366,0.1412
08-01-2013,09:15:51,20.650,51.200,10.2,16.082,0.1405
08-01-2013,10:15:52,22.321,54.500,12.7,17.724,0.1405
08-01-2013,11:15:53,23.184,48.300,11.7,19.912,0.1405
08-01-2013,12:15:54,20.174,43.800,7.5,21.437,0.1412
08-01-2013,13:15:55,11.492,62.800,4.7,18.794,0.1412
08-01-2013,14:15:56,19.841,68.600,13.9,18.200,0.1412
08-01-2013,15:15:57,22.705,43.100,9.5,21.772,0.1412
08-01-2013,16:15:58,25.258,32.300,7.5,23.472,0.1412
08-01-2013,17:15:59,20.674,29.300,2.2,23.328,0.1412
08-01-2013,18:16:00,23.112,31.100,5.1,21.652,0.1412
08-01-2013,19:16:01,19.651,34.500,3.6,20.817,0.1412
08-01-2013,20:16:02,15.700,40.600,2.4,18.390,0.1405
08-01-2013,21:16:03,15.700,43.500,3.3,16.439,0.1405
08-01-2013,22:16:04,15.438,45.700,3.8,15.843,0.1397
08-01-2013,23:16:05,13.642,52.500,4.1,15.294,0.1397
09-01-2013,00:16:06,11.370,61.600,4.3,14.314,0.1390
09-01-2013,01:16:07,9.780,72.700,5.1,13.497,0.1390
09-01-2013,02:16:08,6.560,81.200,3.6,12.678,0.1383
09-01-2013,03:16:09,6.000,93.300,5.0,11.929,0.1383
09-01-2013,04:16:10,3.696,94.600,2.9,11.273,0.1383
09-01-2013,05:16:11,0.632,94.400,-0.2,9.854,0.1383
09-01-2013,06:16:12,0.742,94.800,0.0,8.643,0.1376
09-01-2013,07:16:13,2.823,94.800,2.1,8.469,0.1376
09-01-2013,08:16:14,7.066,92.800,6.0,9.163,0.1376
09-01-2013,09:16:15,11.759,73.000,7.1,10.369,0.1376
09-01-2013,10:16:16,16.129,57.800,7.8,12.171,0.1376
09-01-2013,11:16:17,19.651,50.400,9.1,16.153,0.1383
09-01-2013,12:16:18,22.896,42.900,9.6,20.222,0.1390
09-01-2013,13:16:19,23.232,39.200,8.6,24.968,0.1390
09-01-2013,14:16:20,23.545,38.100,8.5,28.791,0.1397
09-01-2013,15:16:21,26.402,38.600,11.2,30.444,0.1405
09-01-2013,16:16:22,24.629,36.000,8.6,31.077,0.1405
09-01-2013,17:16:23,24.798,34.400,8.1,29.765,0.1405
09-01-2013,18:16:24,24.484,34.000,7.6,27.186,0.1405
09-01-2013,19:16:25,19.056,41.100,5.6,24.026,0.1397
09-01-2013,20:16:26,9.336,55.900,1.0,20.031,0.1390
09-01-2013,21:16:27,4.558,75.500,0.6,16.225,0.1383
09-01-2013,22:16:28,1.886,83.300,-0.6,13.546,0.1376
09-01-2013,23:16:29,0.495,86.200,-1.5,11.565,0.1376
10-01-2013,00:16:30,-0.732,87.400,-2.6,10.173,0.1368
10-01-2013,01:16:31,-1.213,88.400,-2.9,9.015,0.1361
10-01-2013,02:16:32,-1.413,89.400,-2.9,8.195,0.1354
10-01-2013,03:16:33,-0.789,91.100,-2.1,7.569,0.1354
10-01-2013,04:16:34,-0.986,91.100,-2.3,7.167,0.1347
10-01-2013,05:16:35,-1.613,90.500,-3.0,6.712,0.1347
10-01-2013,06:16:36,-1.958,89.700,-3.4,6.128,0.1347
10-01-2013,07:16:37,-0.648,93.000,-1.6,5.898,0.1347
10-01-2013,08:16:38,9.534,90.500,8.1,6.331,0.1347
10-01-2013,09:16:39,16.225,56.300,7.5,8.419,0.1347
10-01-2013,10:16:40,19.698,43.900,7.1,11.710,0.1347
10-01-2013,11:16:41,23.040,36.700,7.5,16.225,0.1354
10-01-2013,12:16:42,25.162,35.300,8.8,20.770,0.1361
10-01-2013,13:16:43,25.841,35.500,9.4,24.702,0.1368
10-01-2013,14:16:44,26.769,35.700,10.3,27.924,0.1368
10-01-2013,15:16:45,28.023,35.400,11.3,29.865,0.1376
10-01-2013,16:16:46,27.628,35.000,10.8,30.646,0.1376
10-01-2013,17:16:47,25.963,36.400,9.9,29.715,0.1376
10-01-2013,18:16:48,23.641,37.400,8.3,27.063,0.1376
10-01-2013,19:16:49,19.984,39.100,5.7,23.833,0.1368
10-01-2013,20:16:50,13.088,50.800,3.1,20.246,0.1368
10-01-2013,21:16:51,8.519,67.800,2.9,16.915,0.1354
10-01-2013,22:16:52,8.916,74.100,4.6,14.792,0.1354
10-01-2013,23:16:53,9.928,71.300,5.0,13.786,0.1347
11-01-2013,00:16:54,9.262,69.400,4.0,13.040,0.1339
11-01-2013,01:16:55,10.443,69.100,5.0,12.461,0.1332
11-01-2013,02:16:56,12.098,57.900,4.1,12.292,0.1332
11-01-2013,03:16:57,12.751,50.600,2.8,12.316,0.1332
11-01-2013,04:16:58,13.353,47.900,2.6,12.316,0.1332
11-01-2013,05:16:59,13.185,46.000,1.8,12.437,0.1325
11-01-2013,06:17:00,13.161,45.600,1.7,12.364,0.1325
11-01-2013,07:17:01,12.461,50.000,2.3,12.316,0.1325
11-01-2013,08:17:02,12.413,57.300,4.2,12.268,0.1332
11-01-2013,09:17:03,17.272,56.500,8.6,12.727,0.1332
11-01-2013,10:17:04,19.603,48.200,8.4,14.721,0.1332
11-01-2013,11:17:05,21.318,43.800,8.5,17.510,0.1332
11-01-2013,12:17:06,22.824,41.800,9.2,20.627,0.1339
11-01-2013,13:17:07,25.477,40.100,10.9,24.050,0.1339
11-01-2013,14:17:08,26.061,38.400,10.8,27.284,0.1347
11-01-2013,15:17:09,27.456,36.000,11.1,28.841,0.1347
11-01-2013,16:17:10,25.939,35.700,9.6,29.340,0.1347
11-01-2013,17:17:11,26.109,31.500,7.9,27.875,0.1347
11-01-2013,18:17:12,23.954,29.000,4.8,25.841,0.1347
11-01-2013,19:17:13,21.939,27.700,2.5,23.016,0.1339
11-01-2013,20:17:14,18.414,27.300,-0.8,20.126,0.1339
11-01-2013,21:17:15,17.368,28.300,-1.2,17.867,0.1332
11-01-2013,22:17:16,17.558,28.600,-0.9,16.677,0.1325
11-01-2013,23:17:17,17.510,28.200,-1.1,15.986,0.1325
12-01-2013,00:17:18,17.724,27.600,-1.2,15.533,0.1325
12-01-2013,01:17:19,18.271,26.300,-1.4,15.318,0.1318
12-01-2013,02:17:20,18.057,27.900,-0.8,15.199,0.1318
12-01-2013,03:17:21,17.177,33.500,1.0,15.031,0.1310
12-01-2013,04:17:22,16.725,37.000,2.0,14.792,0.1318
12-01-2013,05:17:23,16.773,32.000,0.0,14.337,0.1310
12-01-2013,06:17:24,16.963,21.200,-5.4,14.002,0.1310
12-01-2013,07:17:25,17.011,17.300,-8.0,13.978,0.1310
12-01-2013,08:17:26,18.699,18.600,-5.7,14.050,0.1310
12-01-2013,09:17:27,20.579,25.000,-0.1,14.625,0.1310
12-01-2013,10:17:28,22.968,26.200,2.6,16.487,0.1310
12-01-2013,11:17:29,21.581,20.700,-1.9,18.985,0.1310
12-01-2013,12:17:30,26.573,23.700,4.2,21.199,0.1310
12-01-2013,13:17:31,25.890,25.000,4.4,23.521,0.1310
12-01-2013,14:17:32,17.724,36.900,2.8,23.040,0.1318
12-01-2013,15:17:33,12.292,46.500,1.2,20.817,0.1318
12-01-2013,16:17:34,17.843,44.900,5.7,18.485,0.1318
12-01-2013,17:17:35,13.786,36.100,-1.0,17.201,0.1310
12-01-2013,18:17:36,16.915,33.400,0.7,17.605,0.1310
12-01-2013,19:17:37,14.816,32.100,-1.7,16.987,0.1303
12-01-2013,20:17:38,12.364,39.100,-1.2,15.533,0.1303
12-01-2013,21:17:39,9.287,58.600,1.6,14.218,0.1296
12-01-2013,22:17:40,9.977,72.000,5.2,13.305,0.1296
12-01-2013,23:17:41,6.382,79.500,3.1,12.558,0.1296
13-01-2013,00:17:42,7.544,83.500,4.9,11.492,0.1296
13-01-2013,01:17:43,9.509,66.600,3.6,11.443,0.1288
13-01-2013,02:17:44,10.932,52.300,1.6,11.394,0.1288
13-01-2013,03:17:45,9.509,49.400,-0.6,11.346,0.1288
13-01-2013,04:17:46,6.788,68.500,1.4,10.712,0.1288
13-01-2013,05:17:47,9.188,70.600,4.1,10.222,0.1288
13-01-2013,06:17:48,7.293,79.100,3.9,10.271,0.1288
13-01-2013,07:17:49,7.368,79.000,4.0,9.731,0.1288
13-01-2013,08:17:50,7.393,81.300,4.4,9.977,0.1288
13-01-2013,09:17:51,7.795,81.800,4.9,10.149,0.1288
13-01-2013,10:17:52,7.318,87.400,5.4,10.320,0.1296
13-01-2013,11:17:53,8.941,90.100,7.4,10.980,0.1296
13-01-2013,12:17:54,9.015,91.700,7.7,11.492,0.1303
13-01-2013,13:17:55,9.386,92.800,8.3,12.340,0.1310
13-01-2013,14:17:56,8.195,94.300,7.3,12.001,0.1318
13-01-2013,15:17:57,7.268,96.100,6.7,11.346,0.1318
13-01-2013,16:17:58,6.281,95.400,5.6,10.565,0.1310
13-01-2013,17:17:59,6.458,87.400,4.5,10.149,0.1310
13-01-2013,18:18:00,6.914,86.500,4.8,9.829,0.1310
13-01-2013,19:18:01,6.737,93.800,5.8,9.780,0.1310
13-01-2013,20:18:02,4.921,88.600,3.2,9.682,0.1310
13-01-2013,21:18:03,2.637,94.100,1.8,8.618,0.1310
13-01-2013,22:18:04,2.450,94.200,1.6,7.569,0.1303
13-01-2013,23:18:05,2.664,98.600,2.5,7.544,0.1303
14-01-2013,00:18:06,2.155,97.300,1.8,6.940,0.1303
14-01-2013,01:18:07,1.697,98.000,1.4,6.331,0.1303
14-01-2013,02:18:08,2.047,98.500,1.8,6.051,0.1296
14-01-2013,03:18:09,0.852,98.000,0.6,5.949,0.1296
14-01-2013,04:18:10,0.467,98.000,0.2,5.308,0.1296
14-01-2013,05:18:11,-0.171,98.500,-0.4,4.999,0.1296
14-01-2013,06:18:12,-0.227,99.000,-0.4,4.610,0.1296
14-01-2013,07:18:13,1.425,99.400,1.3,4.506,0.1296
14-01-2013,08:18:14,3.591,99.200,3.5,5.076,0.1296
14-01-2013,09:18:15,5.076,97.500,4.7,6.179,0.1296
14-01-2013,10:18:16,7.066,95.600,6.4,7.368,0.1303
14-01-2013,11:18:17,11.248,90.700,9.8,8.841,0.1303
14-01-2013,12:18:18,16.487,80.100,13.1,11.224,0.1310
14-01-2013,13:18:19,21.939,65.400,15.2,15.414,0.1318
14-01-2013,14:18:20,25.016,56.700,15.8,19.603,0.1332
14-01-2013,15:18:21,26.769,50.900,15.8,22.681,0.1347
14-01-2013,16:18:22,26.744,47.300,14.6,23.761,0.1361
14-01-2013,17:18:23,24.460,47.800,12.7,23.016,0.1376
14-01-2013,18:18:24,21.366,48.700,10.1,21.461,0.1383
14-01-2013,19:18:25,16.534,53.100,7.0,19.175,0.1383
14-01-2013,20:18:26,7.569,69.400,2.3,16.344,0.1376
14-01-2013,21:18:27,4.999,86.000,2.9,13.714,0.1376
14-01-2013,22:18:28,2.850,87.900,1.0,11.856,0.1368
14-01-2013,23:18:29,3.063,92.300,1.9,10.345,0.1361
15-01-2013,00:18:30,3.036,95.600,2.4,9.608,0.1354
15-01-2013,01:18:31,0.989,92.100,-0.2,8.668,0.1354
15-01-2013,02:18:32,0.163,91.800,-1.0,7.720,0.1354
15-01-2013,03:18:33,3.274,96.000,2.7,7.242,0.1347
15-01-2013,04:18:34,2.021,93.400,1.1,7.116,0.1339
15-01-2013,05:18:35,3.485,94.100,2.6,6.839,0.1339
15-01-2013,06:18:36,4.298,93.200,3.3,6.737,0.1339
15-01-2013,07:18:37,5.949,91.500,4.7,6.763,0.1339
15-01-2013,08:18:38,10.565,79.500,7.2,7.192,0.1339
15-01-2013,09:18:39,14.505,65.900,8.2,8.170,0.1339
15-01-2013,10:18:40,17.677,60.200,9.9,10.418,0.1347
15-01-2013,11:18:41,21.246,49.000,10.1,13.834,0.1361
15-01-2013,12:18:42,22.872,46.000,10.7,17.605,0.1376
15-01-2013,13:18:43,25.186,46.900,13.1,21.342,0.1390
15-01-2013,14:18:44,25.939,44.200,12.8,24.557,0.1405
15-01-2013,15:18:45,27.949,43.200,14.3,26.061,0.1419
15-01-2013,16:18:46,26.134,41.400,12.0,26.573,0.1426
15-01-2013,17:18:47,24.629,42.600,11.1,25.550,0.1434
15-01-2013,18:18:48,22.465,44.100,9.7,23.833,0.1434
15-01-2013,19:18:49,18.961,49.100,8.1,21.581,0.1426
15-01-2013,20:18:50,12.630,61.300,5.4,18.937,0.1426
15-01-2013,21:18:51,6.839,78.300,3.3,16.106,0.1412
15-01-2013,22:18:52,5.154,86.000,3.0,14.050,0.1405
15-01-2013,23:18:53,4.324,88.800,2.6,12.582,0.1397
16-01-2013,00:18:54,3.906,90.500,2.5,11.540,0.1390
16-01-2013,01:18:55,2.155,89.500,0.6,10.565,0.1383
16-01-2013,02:18:56,2.530,91.500,1.3,9.682,0.1376
16-01-2013,03:18:57,1.994,93.100,1.0,9.089,0.1368
16-01-2013,04:18:58,1.262,92.600,0.2,8.369,0.1368
16-01-2013,05:18:59,3.827,97.200,3.4,7.995,0.1368
16-01-2013,06:19:00,1.208,94.200,0.4,7.695,0.1361
16-01-2013,07:19:01,4.141,97.200,3.7,7.368,0.1361
16-01-2013,08:19:02,9.952,91.500,8.6,7.845,0.1361
16-01-2013,09:19:03,18.247,58.500,10.0,8.916,0.1361
16-01-2013,10:19:04,21.294,42.400,8.0,11.613,0.1368
16-01-2013,11:19:05,24.291,38.800,9.4,15.294,0.1376
16-01-2013,12:19:06,25.258,33.000,7.9,19.127,0.1383
16-01-2013,13:19:07,26.085,36.300,10.0,22.034,0.1390
16-01-2013,14:19:08,28.419,35.600,11.8,25.428,0.1397
16-01-2013,15:19:09,27.653,34.700,10.7,26.793,0.1412
16-01-2013,16:19:10,21.390,41.500,7.8,24.750,0.1412
16-01-2013,17:19:11,27.579,35.700,11.1,24.605,0.1405
16-01-2013,18:19:12,28.295,32.300,10.2,24.315,0.1405
16-01-2013,19:19:13,22.729,44.000,9.9,22.848,0.1405
16-01-2013,20:19:14,13.257,61.900,6.1,19.936,0.1397
16-01-2013,21:19:15,7.970,79.100,4.6,16.892,0.1383
16-01-2013,22:19:16,5.745,85.100,3.4,14.553,0.1383
16-01-2013,23:19:17,4.792,87.900,3.0,13.016,0.1376
17-01-2013,00:19:18,4.584,90.200,3.1,11.977,0.1368
17-01-2013,01:19:19,5.411,92.500,4.3,11.175,0.1361
17-01-2013,02:19:20,4.402,91.100,3.1,10.638,0.1354
17-01-2013,03:19:21,5.308,88.500,3.6,10.051,0.1354
17-01-2013,04:19:22,8.767,76.600,4.9,9.829,0.1347
17-01-2013,05:19:23,10.785,59.800,3.3,10.001,0.1347
17-01-2013,06:19:24,11.734,55.000,3.0,10.124,0.1347
17-01-2013,07:19:25,14.553,47.800,3.6,10.418,0.1347
17-01-2013,08:19:26,17.082,41.900,4.1,11.127,0.1347
17-01-2013,09:19:27,20.674,36.900,5.4,12.050,0.1347
17-01-2013,10:19:28,19.698,34.600,3.7,13.786,0.1354
17-01-2013,11:19:29,22.896,35.000,6.6,16.511,0.1354
17-01-2013,12:19:30,25.162,33.000,7.8,20.079,0.1361
17-01-2013,13:19:31,28.419,32.700,10.5,23.352,0.1361
17-01-2013,14:19:32,30.672,27.500,9.8,27.407,0.1361
17-01-2013,15:19:33,28.816,25.200,7.0,28.841,0.1368
17-01-2013,16:19:34,23.424,29.000,4.4,26.182,0.1368
17-01-2013,17:19:35,21.700,32.600,4.6,22.896,0.1368
17-01-2013,18:19:36,21.342,33.700,4.7,21.199,0.1361
17-01-2013,19:19:37,21.867,34.900,5.7,20.007,0.1354
17-01-2013,20:19:38,17.962,34.600,2.1,18.771,0.1354
17-01-2013,21:19:39,17.201,36.900,2.4,16.844,0.1347
17-01-2013,22:19:40,16.415,39.100,2.5,15.867,0.1347
17-01-2013,23:19:41,16.868,37.900,2.4,15.318,0.1339
18-01-2013,00:19:42,16.392,37.300,1.8,14.888,0.1339
18-01-2013,01:19:43,17.962,34.300,2.0,14.673,0.1332
18-01-2013,02:19:44,17.819,33.300,1.5,14.625,0.1332
18-01-2013,03:19:45,18.295,31.500,1.1,14.505,0.1332
18-01-2013,04:19:46,18.557,30.400,0.8,14.481,0.1332
18-01-2013,05:19:47,18.794,29.400,0.6,14.457,0.1325
18-01-2013,06:19:48,17.938,30.000,0.1,14.457,0.1332
18-01-2013,07:19:49,18.461,33.600,2.2,14.290,0.1325
18-01-2013,08:19:50,20.388,33.700,3.9,14.553,0.1325
18-01-2013,09:19:51,20.222,35.800,4.6,15.294,0.1325
18-01-2013,10:19:52,24.677,37.300,9.2,16.344,0.1325
18-01-2013,11:19:53,29.015,34.300,11.7,19.817,0.1325
18-01-2013,12:19:54,27.063,35.100,10.3,22.226,0.1332
18-01-2013,13:19:55,29.941,35.100,12.9,24.026,0.1332
18-01-2013,14:19:56,25.380,31.300,7.2,26.426,0.1332
18-01-2013,15:19:57,25.817,35.700,9.5,23.232,0.1332
18-01-2013,16:19:58,22.729,36.600,7.1,22.992,0.1332
18-01-2013,17:19:59,24.629,43.200,11.3,21.485,0.1332
18-01-2013,18:20:00,22.369,46.200,10.3,21.772,0.1332
18-01-2013,19:20:01,20.817,54.100,11.2,20.365,0.1325
18-01-2013,20:20:02,16.439,59.000,8.4,18.794,0.1325
18-01-2013,21:20:03,12.413,87.100,10.3,16.796,0.1318
18-01-2013,22:20:04,12.243,95.300,11.5,16.010,0.1310
18-01-2013,23:20:05,11.734,96.600,11.2,15.533,0.1310
19-01-2013,00:20:06,11.419,97.600,11.1,15.079,0.1303
19-01-2013,01:20:07,10.687,98.300,10.4,14.601,0.1303
19-01-2013,02:20:08,9.805,98.600,9.6,14.098,0.1303
19-01-2013,03:20:09,9.040,98.400,8.8,13.522,0.1303
19-01-2013,04:20:10,9.015,99.000,8.9,13.112,0.1303
19-01-2013,05:20:11,8.020,98.500,7.8,12.703,0.1303
19-01-2013,06:20:12,4.869,96.500,4.4,11.807,0.1303
19-01-2013,07:20:13,7.116,98.000,6.8,10.810,0.1296
19-01-2013,08:20:14,10.614,98.900,10.5,11.953,0.1296
19-01-2013,09:20:15,16.749,75.300,12.4,13.305,0.1303
19-01-2013,10:20:16,23.064,40.700,9.0,15.342,0.1303
19-01-2013,11:20:17,28.692,35.200,11.8,19.365,0.1303
19-01-2013,12:20:18,31.970,40.300,16.8,23.833,0.1310
19-01-2013,13:20:19,33.730,38.300,17.6,28.245,0.1318
19-01-2013,14:20:20,31.663,37.200,15.3,31.026,0.1325
19-01-2013,15:20:21,35.636,34.300,17.5,32.304,0.1325
19-01-2013,16:20:22,33.417,31.800,14.4,33.495,0.1332
19-01-2013,17:20:23,30.268,35.900,13.5,31.255,0.1339
19-01-2013,18:20:24,27.014,38.300,11.6,28.916,0.1318
19-01-2013,19:20:25,19.865,48.400,8.7,25.550,0.1288
19-01-2013,20:20:26,11.443,67.600,5.7,21.509,0.1296
19-01-2013,21:20:27,7.167,83.200,4.5,17.891,0.1238
19-01-2013,22:20:28,4.999,88.300,3.2,15.199,0.1252
19-01-2013,23:20:29,2.477,87.300,0.6,13.209,0.1238
20-01-2013,00:20:30,3.274,92.000,2.1,11.759,0.1230
20-01-2013,01:20:31,3.932,96.400,3.4,11.346,0.1201
20-01-2013,02:20:32,5.154,97.700,4.8,10.883,0.1230
20-01-2013,03:20:33,1.615,92.600,0.5,10.075,0.1201
20-01-2013,04:20:34,1.017,93.000,0.0,9.114,0.1201
20-01-2013,05:20:35,1.561,94.500,0.8,8.543,0.1194
20-01-2013,06:20:36,5.975,97.700,5.6,8.369,0.1216
20-01-2013,07:20:37,9.064,100.000,9.1,9.089,0.1180
20-01-2013,08:20:38,12.074,98.100,11.8,10.320,0.1194
20-01-2013,09:20:39,15.915,84.900,13.4,11.637,0.1187
20-01-2013,10:20:40,19.175,73.300,14.3,13.834,0.1180
20-01-2013,11:20:41,23.136,61.400,15.3,17.415,0.1267
20-01-2013,12:20:42,25.671,48.200,13.9,21.795,0.1223
20-01-2013,13:20:43,28.245,43.800,14.8,25.866,0.1158
20-01-2013,14:20:44,29.690,39.800,14.6,29.540,0.1194
20-01-2013,15:20:45,30.925,37.700,14.8,31.459,0.1201
20-01-2013,16:20:46,30.520,34.000,12.9,32.175,0.1325
20-01-2013,17:20:47,28.568,35.500,11.8,31.230,0.1252
20-01-2013,18:20:48,25.574,39.400,10.8,28.518,0.1209
20-01-2013,19:20:49,19.436,54.700,10.1,24.726,0.1274
20-01-2013,20:20:50,12.823,72.300,8.0,21.127,0.1245
20-01-2013,21:20:51,9.952,87.100,7.9,17.962,0.1194
20-01-2013,22:20:52,7.519,89.700,5.9,15.796,0.1281
20-01-2013,23:20:53,8.444,96.200,7.9,14.505,0.1238
21-01-2013,00:20:54,9.064,96.900,8.6,13.882,0.1158
21-01-2013,01:20:55,5.462,92.400,4.3,12.968,0.1209
21-01-2013,02:20:56,4.272,93.200,3.3,11.613,0.1238
21-01-2013,03:20:57,10.590,94.000,9.7,11.662,0.1223
21-01-2013,04:20:58,11.467,83.200,8.7,12.195,0.1180
21-01-2013,05:20:59,11.127,87.800,9.2,12.147,0.1165
21-01-2013,06:21:00,12.727,92.500,11.6,12.268,0.1216
21-01-2013,07:21:01,13.473,93.800,12.5,13.161,0.1245
21-01-2013,08:21:02,14.457,92.800,13.3,13.930,0.1209
21-01-2013,09:21:03,15.724,89.300,14.0,14.745,0.1180
21-01-2013,10:21:04,17.225,86.000,14.9,15.533,0.1230
21-01-2013,11:21:05,23.328,77.400,19.2,17.415,0.1252
21-01-2013,12:21:06,25.186,62.800,17.6,21.604,0.1245
21-01-2013,13:21:07,26.793,52.600,16.3,25.550,0.1230
21-01-2013,14:21:08,28.667,48.000,16.6,27.456,0.1230
21-01-2013,15:21:09,21.270,75.000,16.7,26.231,0.1252
21-01-2013,16:21:10,26.475,67.300,19.9,26.012,0.1267
21-01-2013,17:21:11,26.451,52.900,16.1,25.477,0.1252
21-01-2013,18:21:12,24.146,51.100,13.4,24.412,0.1259
21-01-2013,19:21:13,20.293,59.800,12.2,22.058,0.1267
21-01-2013,20:21:14,15.342,72.100,10.4,19.246,0.1274
21-01-2013,21:21:15,14.337,83.500,11.6,17.201,0.1259
21-01-2013,22:21:16,11.297,87.400,9.3,15.843,0.1245
21-01-2013,23:21:17,11.783,91.100,10.4,14.816,0.1245
22-01-2013,00:21:18,13.209,89.600,11.6,14.625,0.1245
22-01-2013,01:21:19,12.847,92.400,11.7,14.290,0.1245
22-01-2013,02:21:20,13.257,72.300,8.4,13.618,0.1238
22-01-2013,03:21:21,13.594,52.800,4.2,12.847,0.1238
22-01-2013,04:21:22,12.799,48.800,2.3,12.389,0.1238
22-01-2013,05:21:23,10.663,54.900,2.0,11.880,0.1230
22-01-2013,06:21:24,11.880,58.700,4.1,11.346,0.1230
22-01-2013,07:21:25,14.074,50.800,4.0,11.467,0.1238
22-01-2013,08:21:26,16.487,47.700,5.4,12.050,0.1238
22-01-2013,09:21:27,18.889,47.200,7.4,12.920,0.1245
22-01-2013,10:21:28,21.461,46.800,9.6,14.768,0.1238
22-01-2013,11:21:29,23.617,41.600,9.8,17.748,0.1252
22-01-2013,12:21:30,24.895,29.900,6.1,20.841,0.1252
22-01-2013,13:21:31,25.671,21.900,2.3,23.497,0.1259
22-01-2013,14:21:32,27.554,19.900,2.5,26.500,0.1267
22-01-2013,15:21:33,25.186,21.000,1.3,28.667,0.1274
22-01-2013,16:21:34,22.896,22.700,0.5,27.530,0.1281
22-01-2013,17:21:35,21.223,23.300,-0.5,25.525,0.1281
22-01-2013,18:21:36,19.674,25.100,-0.8,22.202,0.1281
22-01-2013,19:21:37,16.820,51.900,6.9,20.650,0.1274
22-01-2013,20:21:38,10.467,81.100,7.4,18.438,0.1259
22-01-2013,21:21:39,10.443,92.800,9.3,15.939,0.1252
22-01-2013,22:21:40,10.541,96.400,10.0,15.557,0.1245
22-01-2013,23:21:41,10.394,96.100,9.8,15.127,0.1245
23-01-2013,00:21:42,9.657,95.900,9.0,14.553,0.1245
23-01-2013,01:21:43,9.756,96.900,9.3,14.074,0.1238
23-01-2013,02:21:44,9.336,97.500,9.0,13.738,0.1238
23-01-2013,03:21:45,8.817,97.400,8.4,13.305,0.1238
23-01-2013,04:21:46,7.820,97.800,7.5,12.678,0.1230
23-01-2013,05:21:47,7.920,98.900,7.8,12.243,0.1230
23-01-2013,06:21:48,7.670,98.800,7.5,11.977,0.1230
23-01-2013,07:21:49,8.319,98.600,8.1,11.832,0.1230
23-01-2013,08:21:50,10.907,95.400,10.2,12.437,0.1230
23-01-2013,09:21:51,14.721,84.200,12.1,13.594,0.1230
23-01-2013,10:21:52,20.793,70.500,15.3,15.199,0.1238
23-01-2013,11:21:53,26.134,56.400,16.8,19.127,0.1238
23-01-2013,12:21:54,29.040,47.200,16.7,23.881,0.1252
23-01-2013,13:21:55,30.900,41.100,16.2,28.493,0.1259
23-01-2013,14:21:56,33.966,39.000,18.1,31.842,0.1267
23-01-2013,15:21:57,33.027,36.700,16.3,33.157,0.1281
23-01-2013,16:21:58,30.520,42.300,16.3,32.175,0.1288
23-01-2013,17:21:59,25.525,45.900,13.0,30.318,0.1281
23-01-2013,18:22:00,21.437,53.700,11.7,27.505,0.1281
23-01-2013,19:22:01,17.796,64.600,11.1,24.219,0.1274
23-01-2013,20:22:02,12.147,82.200,9.2,21.127,0.1259
23-01-2013,21:22:03,11.078,90.600,9.6,18.675,0.1259
23-01-2013,22:22:04,10.565,93.500,9.6,17.344,0.1245
23-01-2013,23:22:05,10.222,95.800,9.6,16.439,0.1238
24-01-2013,00:22:06,9.558,97.200,9.1,15.629,0.1238
24-01-2013,01:22:07,8.866,97.300,8.5,14.409,0.1238
24-01-2013,02:22:08,7.820,97.100,7.4,13.257,0.1230
24-01-2013,03:22:09,9.509,96.200,8.9,12.654,0.1223
24-01-2013,04:22:10,9.903,93.800,9.0,12.534,0.1223
24-01-2013,05:22:11,9.879,93.900,9.0,12.364,0.1216
24-01-2013,06:22:12,10.124,92.100,8.9,12.122,0.1223
24-01-2013,07:22:13,11.102,89.300,9.4,12.025,0.1223
24-01-2013,08:22:14,13.546,84.700,11.0,12.316,0.1223
24-01-2013,09:22:15,16.439,73.400,11.7,13.016,0.1223
24-01-2013,10:22:16,18.652,72.000,13.5,14.792,0.1223
24-01-2013,11:22:17,21.795,67.400,15.5,17.843,0.1230
24-01-2013,12:22:18,25.380,57.700,16.5,21.676,0.1238
24-01-2013,13:22:19,26.720,46.900,14.5,25.890,0.1245
24-01-2013,14:22:20,27.850,39.800,12.9,28.891,0.1252
24-01-2013,15:22:21,28.866,34.700,11.8,30.748,0.1267
24-01-2013,16:22:22,28.320,33.000,10.5,31.153,0.1274
24-01-2013,17:22:23,25.501,35.900,9.3,29.515,0.1274
24-01-2013,18:22:24,22.226,37.800,7.2,26.426,0.1274
24-01-2013,19:22:25,18.937,45.700,7.0,23.256,0.1267
24-01-2013,20:22:26,13.305,59.900,5.7,20.007,0.1252
24-01-2013,21:22:27,10.785,71.900,5.9,17.368,0.1238
24-01-2013,22:22:28,13.522,68.500,7.9,15.891,0.1238
24-01-2013,23:22:29,13.906,60.300,6.4,15.318,0.1223
25-01-2013,00:22:30,13.690,62.200,6.6,14.840,0.1223
25-01-2013,01:22:31,13.762,63.800,7.0,14.457,0.1216
25-01-2013,02:22:32,14.673,62.200,7.5,14.242,0.1216
25-01-2013,03:22:33,14.002,62.200,6.9,14.122,0.1216
25-01-2013,04:22:34,13.161,69.900,7.8,13.762,0.1209
25-01-2013,05:22:35,13.112,73.300,8.5,13.618,0.1216
25-01-2013,06:22:36,12.316,79.800,8.9,13.449,0.1209
25-01-2013,07:22:37,14.361,79.800,10.9,13.449,0.1209
25-01-2013,08:22:38,14.122,77.800,10.3,14.146,0.1216
25-01-2013,09:22:39,14.146,78.600,10.5,14.481,0.1216
25-01-2013,10:22:40,15.294,77.900,11.5,15.031,0.1209
25-01-2013,11:22:41,16.558,74.800,12.1,15.915,0.1216
25-01-2013,12:22:42,18.794,71.800,13.6,17.249,0.1216
25-01-2013,13:22:43,23.112,65.100,16.2,19.722,0.1216
25-01-2013,14:22:44,21.939,57.800,13.3,22.896,0.1223
25-01-2013,15:22:45,22.585,62.300,15.0,22.992,0.1230
25-01-2013,16:22:46,19.508,67.700,13.4,22.106,0.1238
25-01-2013,17:22:47,18.271,70.200,12.8,21.127,0.1230
25-01-2013,18:22:48,24.823,64.300,17.6,20.960,0.1230
25-01-2013,19:22:49,19.436,65.100,12.7,20.579,0.1230
25-01-2013,20:22:50,14.074,77.300,10.2,18.652,0.1230
25-01-2013,21:22:51,10.810,91.200,9.4,16.487,0.1216
25-01-2013,22:22:52,10.858,96.400,10.3,15.247,0.1216
25-01-2013,23:22:53,10.541,96.900,10.1,14.816,0.1209
26-01-2013,00:22:54,10.075,97.600,9.7,14.337,0.1209
26-01-2013,01:22:55,8.817,98.600,8.6,13.594,0.1209
26-01-2013,02:22:56,9.534,99.800,9.5,12.799,0.1209
26-01-2013,03:22:57,11.467,96.300,10.9,12.558,0.1194
26-01-2013,04:22:58,12.461,89.100,10.7,12.799,0.1194
26-01-2013,05:22:59,13.930,90.300,12.4,13.233,0.1194
26-01-2013,06:23:00,12.413,93.900,11.5,13.642,0.1209
26-01-2013,07:23:01,12.992,99.400,12.9,13.305,0.1209
26-01-2013,08:23:02,13.497,98.500,13.3,13.546,0.1216
26-01-2013,09:23:03,12.847,97.300,12.4,14.074,0.1230
26-01-2013,10:23:04,15.175,100.000,15.2,13.064,0.2843
26-01-2013,11:23:05,16.415,100.000,16.4,14.936,0.2589
26-01-2013,12:23:06,16.487,94.300,15.6,17.415,0.2480
26-01-2013,13:23:07,17.938,89.600,16.2,18.319,0.2422
26-01-2013,14:23:08,22.250,83.900,19.4,19.318,0.2385
26-01-2013,15:23:09,20.246,75.200,15.7,21.199,0.2371
26-01-2013,16:23:10,20.889,78.400,17.0,20.936,0.2349
26-01-2013,17:23:11,23.232,77.900,19.2,20.698,0.2320
26-01-2013,18:23:12,19.460,65.000,12.7,20.722,0.2298
26-01-2013,19:23:13,14.385,94.300,13.5,18.771,0.2276
26-01-2013,20:23:14,12.534,96.800,12.1,17.368,0.2262
26-01-2013,21:23:15,11.759,98.800,11.6,15.986,0.2247
26-01-2013,22:23:16,11.977,99.200,11.9,15.151,0.2233
26-01-2013,23:23:17,12.050,99.000,11.9,14.792,0.2218
27-01-2013,00:23:18,11.443,97.500,11.1,14.170,0.2204
27-01-2013,01:23:19,11.637,97.400,11.3,13.666,0.2196
27-01-2013,02:23:20,11.759,99.000,11.6,13.473,0.2189
27-01-2013,03:23:21,11.953,100.000,12.0,13.401,0.2182
27-01-2013,04:23:22,11.904,100.000,11.9,13.329,0.2175
27-01-2013,05:23:23,11.880,100.000,11.9,13.257,0.2167
27-01-2013,06:23:24,11.710,100.000,11.7,13.137,0.2167
27-01-2013,07:23:25,11.662,100.000,11.7,13.016,0.2160
27-01-2013,08:23:26,12.122,100.000,12.1,13.064,0.2153
27-01-2013,09:23:27,12.461,100.000,12.5,13.281,0.2138
27-01-2013,10:23:28,15.700,98.500,15.5,14.433,0.2138
27-01-2013,11:23:29,19.008,78.800,15.3,16.820,0.2138
27-01-2013,12:23:30,22.872,59.200,14.5,19.770,0.2138
27-01-2013,13:23:31,23.112,60.800,15.1,23.569,0.2138
27-01-2013,14:23:32,28.196,58.800,19.4,25.647,0.2138
27-01-2013,15:23:33,25.598,60.500,17.4,26.549,0.2138
27-01-2013,16:23:34,21.987,65.900,15.3,25.186,0.2131
27-01-2013,17:23:35,26.378,62.600,18.7,24.726,0.2124
27-01-2013,18:23:36,19.080,69.500,13.4,23.256,0.2116
27-01-2013,19:23:37,15.079,81.600,12.0,21.294,0.2109
27-01-2013,20:23:38,12.485,93.200,11.4,18.985,0.2102
27-01-2013,21:23:39,11.565,96.300,11.0,17.415,0.2087
27-01-2013,22:23:40,11.370,97.300,11.0,16.368,0.2080
27-01-2013,23:23:41,11.662,97.900,11.4,15.819,0.2073
28-01-2013,00:23:42,11.516,98.500,11.3,15.414,0.2066
28-01-2013,01:23:43,10.810,98.800,10.6,14.936,0.2058
28-01-2013,02:23:44,10.883,99.100,10.8,14.146,0.2051
28-01-2013,03:23:45,11.856,100.000,11.9,13.810,0.2051
28-01-2013,04:23:46,9.287,99.200,9.2,13.401,0.2044
28-01-2013,05:23:47,8.270,99.100,8.1,12.534,0.2044
28-01-2013,06:23:48,8.020,98.300,7.8,11.662,0.2037
28-01-2013,07:23:49,12.340,100.000,12.4,11.540,0.2029
28-01-2013,08:23:50,13.425,100.000,13.4,13.040,0.2029
28-01-2013,09:23:51,15.438,97.500,15.1,14.122,0.2029
28-01-2013,10:23:52,16.344,89.900,14.7,15.127,0.2029
28-01-2013,11:23:53,16.939,84.400,14.3,16.320,0.2029
28-01-2013,12:23:54,22.226,74.700,17.5,18.224,0.2022
28-01-2013,13:23:55,20.936,66.800,14.6,20.913,0.2029
28-01-2013,14:23:56,25.428,60.800,17.3,22.513,0.2029
28-01-2013,15:23:57,27.333,54.300,17.3,24.895,0.2022
28-01-2013,16:23:58,26.989,52.200,16.4,25.695,0.2022
28-01-2013,17:23:59,26.524,51.200,15.6,25.380,0.2022
28-01-2013,18:24:00,26.622,49.300,15.1,24.484,0.2008
28-01-2013,19:24:01,24.146,52.400,13.8,23.617,0.2000
28-01-2013,20:24:02,16.010,82.300,13.0,21.676,0.2000
28-01-2013,21:24:03,13.353,95.000,12.6,18.771,0.1964
28-01-2013,22:24:04,12.509,97.400,12.1,17.320,0.2051
28-01-2013,23:24:05,12.098,97.900,11.8,16.582,0.2066
29-01-2013,00:24:06,11.637,98.500,11.4,15.891,0.2058
29-01-2013,01:24:07,11.419,99.100,11.3,15.294,0.2044
29-01-2013,02:24:08,11.248,99.300,11.2,14.864,0.2037
29-01-2013,03:24:09,10.956,99.500,10.9,14.505,0.2029
29-01-2013,04:24:10,10.590,99.500,10.5,14.146,0.2022
29-01-2013,05:24:11,10.247,99.500,10.2,13.786,0.2008
29-01-2013,06:24:12,9.163,99.300,9.1,13.353,0.2008
29-01-2013,07:24:13,9.558,99.300,9.5,12.944,0.2000
29-01-2013,08:24:14,10.026,99.200,9.9,13.088,0.1993
29-01-2013,09:24:15,10.810,98.800,10.6,13.257,0.1993
29-01-2013,10:24:16,13.305,98.300,13.1,14.074,0.1993
29-01-2013,11:24:17,14.768,96.100,14.2,15.605,0.1993
29-01-2013,12:24:18,16.082,94.100,15.2,16.749,0.2000
29-01-2013,13:24:19,17.130,91.600,15.8,17.843,0.2000
29-01-2013,14:24:20,16.796,87.000,14.6,19.151,0.2000
29-01-2013,15:24:21,17.748,88.400,15.8,19.103,0.2008
29-01-2013,16:24:22,14.840,88.100,12.9,18.747,0.2008
29-01-2013,17:24:23,13.353,91.500,12.0,17.653,0.2000
29-01-2013,18:24:24,11.565,94.600,10.7,16.487,0.1993
29-01-2013,19:24:25,10.320,95.900,9.7,15.485,0.1993
29-01-2013,20:24:26,9.089,96.900,8.6,14.577,0.1986
29-01-2013,21:24:27,8.717,97.500,8.4,13.690,0.1978
29-01-2013,22:24:28,8.319,98.000,8.0,13.137,0.1978
29-01-2013,23:24:29,7.970,98.200,7.7,12.630,0.1971
30-01-2013,00:24:30,7.895,98.500,7.7,12.243,0.1971
30-01-2013,01:24:31,8.295,98.700,8.1,11.977,0.1964
30-01-2013,02:24:32,8.020,99.700,8.0,11.589,0.1964
30-01-2013,03:24:33,6.357,100.000,6.4,10.810,0.1964
30-01-2013,04:24:34,6.306,100.000,6.3,10.001,0.1957
30-01-2013,05:24:35,4.844,99.600,4.8,9.460,0.1949
30-01-2013,06:24:36,4.063,99.200,4.0,8.742,0.1949
30-01-2013,07:24:37,3.696,98.100,3.4,8.170,0.1942
30-01-2013,08:24:38,7.695,96.100,7.1,8.145,0.1942
30-01-2013,09:24:39,13.088,79.200,9.6,8.916,0.1942
30-01-2013,10:24:40,16.654,65.900,10.3,10.785,0.1942
30-01-2013,11:24:41,19.151,64.600,12.3,14.242,0.1949
30-01-2013,12:24:42,20.746,64.000,13.7,17.605,0.1957
30-01-2013,13:24:43,21.700,61.700,14.0,20.555,0.1964
30-01-2013,14:24:44,22.321,59.200,14.0,22.489,0.1971
30-01-2013,15:24:45,23.569,56.000,14.3,23.376,0.1978
30-01-2013,16:24:46,23.569,52.600,13.3,24.122,0.1978
30-01-2013,17:24:47,22.585,51.900,12.2,23.569,0.1978
30-01-2013,18:24:48,20.412,52.400,10.4,22.058,0.1978
30-01-2013,19:24:49,16.487,57.000,8.0,19.960,0.1964
30-01-2013,20:24:50,10.565,70.300,5.4,17.177,0.1957
30-01-2013,21:24:51,8.220,82.800,5.5,15.079,0.1942
30-01-2013,22:24:52,6.687,83.100,4.0,13.618,0.1935
30-01-2013,23:24:53,7.544,80.200,4.4,12.461,0.1928
31-01-2013,00:24:54,6.382,78.900,3.0,11.565,0.1920
31-01-2013,01:24:55,6.281,76.900,2.5,10.785,0.1913
31-01-2013,02:24:56,5.847,76.800,2.1,10.149,0.1906
31-01-2013,03:24:57,6.990,76.000,3.1,9.657,0.1899
31-01-2013,04:24:58,7.318,74.900,3.2,9.312,0.1891
31-01-2013,05:24:59,6.839,74.500,2.6,8.990,0.1891
31-01-2013,06:25:00,6.636,76.600,2.8,8.717,0.1884
31-01-2013,07:25:01,7.920,75.800,3.9,8.519,0.1884
31-01-2013,08:25:02,10.320,69.400,5.0,8.742,0.1877
31-01-2013,09:25:03,13.738,61.000,6.4,9.361,0.1877
31-01-2013,10:25:04,16.487,55.900,7.7,10.907,0.1877
31-01-2013,11:25:05,18.866,52.600,9.0,13.834,0.1884
31-01-2013,12:25:06,20.341,48.200,9.0,17.177,0.1891
31-01-2013,13:25:07,21.151,45.800,9.0,20.103,0.1899
31-01-2013,14:25:08,22.345,43.800,9.4,22.681,0.1906
31-01-2013,15:25:09,22.800,38.700,8.0,23.761,0.1913
31-01-2013,16:25:10,22.106,35.300,6.1,23.857,0.1913
31-01-2013,17:25:11,20.841,34.000,4.4,22.513,0.1906
31-01-2013,18:25:12,19.436,33.900,3.1,20.817,0.1899
31-01-2013,19:25:13,15.055,37.300,0.6,19.008,0.1891
31-01-2013,20:25:14,12.799,41.500,0.1,16.392,0.1877
31-01-2013,21:25:15,11.686,46.900,0.7,14.673,0.1862
31-01-2013,22:25:16,10.222,56.600,2.0,13.618,0.1862
31-01-2013,23:25:17,8.220,71.200,3.3,12.823,0.1855
01-02-2013,00:25:18,9.040,77.700,5.4,12.630,0.1848
01-02-2013,01:25:19,7.970,80.100,4.8,12.292,0.1840
01-02-2013,02:25:20,6.255,86.400,4.2,11.516,0.1833
01-02-2013,03:25:21,6.000,88.700,4.3,10.565,0.1848
01-02-2013,04:25:22,5.975,74.900,1.9,10.075,0.1833
01-02-2013,05:25:23,6.763,95.400,6.1,10.075,0.1819
01-02-2013,06:25:24,6.712,97.300,6.3,10.394,0.1804
01-02-2013,07:25:25,6.306,97.800,6.0,10.394,0.1804
01-02-2013,08:25:26,5.847,97.400,5.5,10.271,0.1797
01-02-2013,09:25:27,7.167,97.000,6.7,10.516,0.1782
01-02-2013,10:25:28,7.192,95.800,6.6,10.834,0.1782
01-02-2013,11:25:29,7.645,95.700,7.0,10.638,0.1775
01-02-2013,12:25:30,6.585,97.800,6.3,9.879,0.2073
01-02-2013,13:25:31,7.619,98.400,7.4,9.682,0.2618
01-02-2013,14:25:32,8.792,96.700,8.3,10.883,0.2530
01-02-2013,15:25:33,7.619,96.100,7.0,11.248,0.2472
01-02-2013,16:25:34,6.458,96.600,6.0,11.127,0.2429
01-02-2013,17:25:35,5.385,97.800,5.1,10.492,0.2378
01-02-2013,18:25:36,4.454,98.500,4.2,9.682,0.2349
01-02-2013,19:25:37,4.011,99.100,3.9,8.990,0.2313
01-02-2013,20:25:38,3.248,99.500,3.2,8.369,0.2298
01-02-2013,21:25:39,3.116,99.900,3.1,7.795,0.2276
01-02-2013,22:25:40,2.610,100.000,2.6,7.343,0.2262
01-02-2013,23:25:41,2.209,100.000,2.2,6.965,0.2269
02-02-2013,00:25:42,2.370,100.000,2.4,6.687,0.2262
02-02-2013,01:25:43,2.101,99.800,2.1,6.560,0.2254
02-02-2013,02:25:44,1.940,100.000,1.9,6.382,0.2254
02-02-2013,03:25:45,1.588,99.600,1.5,6.128,0.2247
02-02-2013,04:25:46,1.344,99.900,1.3,5.949,0.2247
02-02-2013,05:25:47,0.880,99.800,0.8,5.642,0.2240
02-02-2013,06:25:48,0.770,99.800,0.7,5.385,0.2233
02-02-2013,07:25:49,0.467,99.500,0.4,5.205,0.2225
02-02-2013,08:25:50,1.913,99.900,1.9,4.869,0.2218
02-02-2013,09:25:51,5.282,98.400,5.1,5.437,0.2218
02-02-2013,10:25:52,7.519,97.000,7.1,7.217,0.2218
02-02-2013,11:25:53,9.386,93.200,8.4,8.965,0.2218
02-02-2013,12:25:54,10.418,90.800,9.0,10.271,0.2218
02-02-2013,13:25:55,16.963,84.100,14.3,11.759,0.2218
02-02-2013,14:25:56,15.700,71.700,10.6,14.697,0.2218
02-02-2013,15:25:57,18.794,67.000,12.6,15.294,0.2218
02-02-2013,16:25:58,21.628,58.900,13.3,17.629,0.2218
02-02-2013,17:25:59,20.770,53.600,11.0,18.675,0.2225
02-02-2013,18:26:00,17.344,53.400,7.8,17.653,0.2218
02-02-2013,19:26:01,12.001,59.700,4.4,15.461,0.2211
02-02-2013,20:26:02,5.591,79.100,2.3,12.678,0.2204
02-02-2013,21:26:03,6.128,93.300,5.1,10.810,0.2196
02-02-2013,22:26:04,6.306,95.100,5.6,10.198,0.2189
02-02-2013,23:26:05,5.616,96.600,5.1,9.756,0.2182
03-02-2013,00:26:06,4.454,98.100,4.2,9.089,0.2182
03-02-2013,01:26:07,3.775,99.000,3.6,8.220,0.2167
03-02-2013,02:26:08,5.128,100.000,5.1,7.970,0.2160
03-02-2013,03:26:09,5.308,100.000,5.3,7.945,0.2160
03-02-2013,04:26:10,5.514,100.000,5.5,7.995,0.2153
03-02-2013,05:26:11,5.693,100.000,5.7,7.995,0.2153
03-02-2013,06:26:12,5.796,100.000,5.8,7.995,0.2153
03-02-2013,07:26:13,6.940,100.000,6.9,8.120,0.2146
03-02-2013,08:26:14,8.369,100.000,8.4,8.742,0.2146
03-02-2013,09:26:15,12.074,96.200,11.5,10.124,0.2146
03-02-2013,10:26:16,19.460,81.100,16.2,11.832,0.2146
03-02-2013,11:26:17,17.843,68.100,11.9,14.361,0.2146
03-02-2013,12:26:18,23.160,59.600,14.9,18.105,0.2153
03-02-2013,13:26:19,20.889,62.800,13.6,19.103,0.2160
03-02-2013,14:26:20,19.793,62.200,12.4,19.555,0.2160
03-02-2013,15:26:21,25.065,66.400,18.4,19.175,0.2160
03-02-2013,16:26:22,21.461,59.200,13.2,20.269,0.2153
03-02-2013,17:26:23,23.376,62.800,15.9,19.888,0.2153
03-02-2013,18:26:24,18.010,66.600,11.7,18.889,0.2146
03-02-2013,19:26:25,13.185,71.600,8.2,16.868,0.2146
03-02-2013,20:26:26,9.410,85.600,7.1,14.960,0.2138
03-02-2013,21:26:27,9.114,93.100,8.1,13.425,0.2131
03-02-2013,22:26:28,9.608,95.600,8.9,12.775,0.2124
03-02-2013,23:26:29,8.295,95.400,7.6,12.316,0.2116
04-02-2013,00:26:30,8.618,96.000,8.0,11.783,0.2109
04-02-2013,01:26:31,7.770,96.600,7.3,11.443,0.2109
04-02-2013,02:26:32,2.877,92.600,1.8,10.345,0.2102
04-02-2013,03:26:33,1.643,94.300,0.8,8.891,0.2095
04-02-2013,04:26:34,0.273,93.400,-0.7,7.845,0.2095
04-02-2013,05:26:35,-0.143,93.100,-1.1,7.041,0.2087
04-02-2013,06:26:36,-0.620,92.600,-1.7,6.331,0.2080
04-02-2013,07:26:37,-0.199,93.100,-1.2,5.847,0.2073
04-02-2013,08:26:38,9.608,99.000,9.5,6.331,0.2066
04-02-2013,09:26:39,14.505,86.100,12.2,8.344,0.2066
04-02-2013,10:26:40,16.844,72.600,11.9,10.565,0.2073
04-02-2013,11:26:41,18.937,65.300,12.3,13.377,0.2073
04-02-2013,12:26:42,19.722,60.300,11.8,16.701,0.2080
04-02-2013,13:26:43,20.293,62.900,13.0,18.224,0.2087
04-02-2013,14:26:44,17.249,70.900,11.9,17.772,0.2087
04-02-2013,15:26:45,18.081,78.500,14.3,16.368,0.2087
04-02-2013,16:26:46,17.439,75.200,13.0,16.296,0.2087
04-02-2013,17:26:47,18.224,59.800,10.3,18.794,0.2080
04-02-2013,18:26:48,17.891,65.400,11.3,18.081,0.2080
04-02-2013,19:26:49,13.449,73.500,8.8,16.606,0.2080
04-02-2013,20:26:50,8.841,85.400,6.5,14.529,0.2066
04-02-2013,21:26:51,6.712,91.000,5.4,12.727,0.2066
04-02-2013,22:26:52,6.737,94.900,6.0,11.467,0.2058
04-02-2013,23:26:53,7.167,96.500,6.7,10.785,0.2051
05-02-2013,00:26:54,3.775,92.300,2.6,10.051,0.2044
05-02-2013,01:26:55,4.532,94.500,3.7,8.941,0.2037
05-02-2013,02:26:56,3.301,94.700,2.5,8.319,0.2029
05-02-2013,03:26:57,6.636,99.300,6.5,8.270,0.2029
05-02-2013,04:26:58,7.142,97.500,6.8,8.469,0.2022
05-02-2013,05:26:59,7.192,97.600,6.8,8.494,0.2022
05-02-2013,06:27:00,6.077,98.600,5.9,8.344,0.2022
05-02-2013,07:27:01,7.619,99.800,7.6,8.120,0.2015
05-02-2013,08:27:02,10.687,98.300,10.4,8.742,0.2015
05-02-2013,09:27:03,12.992,88.900,11.2,9.780,0.2015
05-02-2013,10:27:04,16.320,78.700,12.6,11.540,0.2015
05-02-2013,11:27:05,18.580,73.800,13.8,13.786,0.2022
05-02-2013,12:27:06,20.817,65.900,14.2,16.439,0.2029
05-02-2013,13:27:07,22.226,56.200,13.1,20.388,0.2029
05-02-2013,14:27:08,24.460,53.900,14.5,22.489,0.2037
05-02-2013,15:27:09,26.085,46.800,13.8,24.436,0.2044
05-02-2013,16:27:10,22.920,45.900,10.7,25.065,0.2044
05-02-2013,17:27:11,21.461,47.000,9.7,23.521,0.2037
05-02-2013,18:27:12,18.533,52.700,8.7,21.246,0.2037
05-02-2013,19:27:13,14.050,59.100,6.2,18.866,0.2029
05-02-2013,20:27:14,10.883,70.400,5.7,16.511,0.2015
05-02-2013,21:27:15,7.569,78.900,4.2,14.601,0.2008
05-02-2013,22:27:16,5.437,86.400,3.4,12.944,0.2000
05-02-2013,23:27:17,4.298,89.500,2.7,11.686,0.1986
06-02-2013,00:27:18,4.272,92.400,3.2,10.736,0.1978
06-02-2013,01:27:19,3.591,92.900,2.6,10.075,0.1971
06-02-2013,02:27:20,2.477,92.500,1.4,9.336,0.1964
06-02-2013,03:27:21,3.036,93.200,2.0,8.568,0.1964
06-02-2013,04:27:22,6.763,95.200,6.1,8.394,0.1957
06-02-2013,05:27:23,9.163,79.500,5.8,8.841,0.1957
06-02-2013,06:27:24,9.064,72.700,4.4,9.089,0.1957
06-02-2013,07:27:25,9.534,77.200,5.8,9.064,0.1949
06-02-2013,08:27:26,12.243,75.600,8.1,9.460,0.1949
06-02-2013,09:27:27,15.342,72.000,10.3,10.296,0.1942
06-02-2013,10:27:28,18.105,67.100,11.9,11.904,0.1942
06-02-2013,11:27:29,21.127,59.200,12.9,14.721,0.1949
06-02-2013,12:27:30,22.250,53.200,12.3,17.962,0.1949
06-02-2013,13:27:31,24.026,48.900,12.6,21.294,0.1957
06-02-2013,14:27:32,25.623,46.400,13.3,23.905,0.1957
06-02-2013,15:27:33,27.579,41.500,13.3,25.525,0.1957
06-02-2013,16:27:34,25.258,39.300,10.4,26.061,0.1964
06-02-2013,17:27:35,25.914,38.900,10.9,25.089,0.1949
06-02-2013,18:27:36,22.705,40.400,8.6,23.352,0.1949
06-02-2013,19:27:37,16.963,42.400,4.1,20.865,0.1942
06-02-2013,20:27:38,11.224,56.500,2.9,17.772,0.1928
06-02-2013,21:27:39,8.693,69.100,3.4,15.461,0.1920
06-02-2013,22:27:40,9.287,72.700,4.6,13.978,0.1906
06-02-2013,23:27:41,8.045,69.100,2.7,12.992,0.1906
07-02-2013,00:27:42,9.879,67.700,4.2,12.195,0.1899
07-02-2013,01:27:43,11.686,58.400,3.8,11.880,0.1891
07-02-2013,02:27:44,12.534,53.700,3.4,11.904,0.1884
07-02-2013,03:27:45,12.509,56.100,4.0,11.807,0.1877
07-02-2013,04:27:46,12.389,57.600,4.3,11.686,0.1877
07-02-2013,05:27:47,12.195,59.000,4.4,11.662,0.1877
07-02-2013,06:27:48,11.589,61.500,4.5,11.467,0.1870
07-02-2013,07:27:49,12.654,63.000,5.8,11.467,0.1870
07-02-2013,08:27:50,13.161,66.300,7.0,12.001,0.1862
07-02-2013,09:27:51,14.242,67.800,8.4,12.847,0.1862
07-02-2013,10:27:52,16.915,66.000,10.5,14.026,0.1855
07-02-2013,11:27:53,18.604,62.200,11.2,15.748,0.1855
07-02-2013,12:27:54,19.460,59.000,11.3,17.772,0.1855
07-02-2013,13:27:55,19.484,57.000,10.8,18.628,0.1855
07-02-2013,14:27:56,26.353,49.500,15.0,19.770,0.1848
07-02-2013,15:27:57,26.891,38.800,11.7,23.785,0.1855
07-02-2013,16:27:58,25.987,36.900,10.1,24.243,0.1855
07-02-2013,17:27:59,25.307,35.200,8.8,23.184,0.1848
07-02-2013,18:28:00,18.913,38.500,4.5,21.795,0.1848
07-02-2013,19:28:01,15.031,48.500,4.3,19.270,0.1833
07-02-2013,20:28:02,17.011,51.100,6.8,17.011,0.1833
07-02-2013,21:28:03,15.366,47.400,4.2,15.915,0.1826
07-02-2013,22:28:04,14.361,52.400,4.8,15.199,0.1811
07-02-2013,23:28:05,14.984,53.700,5.7,14.553,0.1811
08-02-2013,00:28:06,12.944,52.900,3.6,13.810,0.1804
08-02-2013,01:28:07,13.257,53.800,4.1,13.112,0.1797
08-02-2013,02:28:08,11.662,54.100,2.7,12.654,0.1797
08-02-2013,03:28:09,11.565,55.700,3.0,12.122,0.1790
08-02-2013,04:28:10,12.871,55.700,4.2,11.929,0.1790
08-02-2013,05:28:11,13.112,54.800,4.2,11.880,0.1790
08-02-2013,06:28:12,13.473,53.800,4.3,11.880,0.1782
08-02-2013,07:28:13,15.318,52.700,5.7,12.122,0.1775
08-02-2013,08:28:14,16.439,50.800,6.2,12.871,0.1775
08-02-2013,09:28:15,20.174,45.600,8.1,13.786,0.1768
08-02-2013,10:28:16,21.700,45.700,9.5,15.247,0.1768
08-02-2013,11:28:17,23.088,44.100,10.2,17.391,0.1768
08-02-2013,12:28:18,25.331,40.900,11.1,20.222,0.1761
08-02-2013,13:28:19,26.769,38.700,11.6,23.400,0.1753
08-02-2013,14:28:20,26.134,35.600,9.7,25.525,0.1753
08-02-2013,15:28:21,28.171,35.400,11.5,25.258,0.1753
08-02-2013,16:28:22,22.561,35.900,6.7,24.436,0.1753
08-02-2013,17:28:23,20.770,37.400,5.7,21.533,0.1746
08-02-2013,18:28:24,21.509,38.400,6.8,19.579,0.1739
08-02-2013,19:28:25,18.604,40.100,4.8,18.652,0.1732
08-02-2013,20:28:26,17.011,43.000,4.4,17.106,0.1724
08-02-2013,21:28:27,15.676,46.900,4.4,15.939,0.1724
08-02-2013,22:28:28,15.247,50.600,5.1,15.079,0.1710
08-02-2013,23:28:29,14.745,50.800,4.7,14.409,0.1710
09-02-2013,00:28:30,14.361,47.000,3.2,13.906,0.1702
09-02-2013,01:28:31,13.882,46.800,2.7,13.449,0.1695
09-02-2013,02:28:32,13.329,47.700,2.5,13.040,0.1688
09-02-2013,03:28:33,13.281,56.100,4.7,12.678,0.1688
09-02-2013,04:28:34,14.074,50.100,3.9,12.558,0.1681
09-02-2013,05:28:35,13.377,51.200,3.5,12.485,0.1681
09-02-2013,06:28:36,13.546,54.700,4.6,12.268,0.1681
09-02-2013,07:28:37,13.522,56.500,5.1,12.316,0.1673
09-02-2013,08:28:38,15.461,58.000,7.3,12.509,0.1673
09-02-2013,09:28:39,16.534,52.300,6.7,13.064,0.1673
09-02-2013,10:28:40,22.705,46.600,10.7,14.505,0.1666
09-02-2013,11:28:41,21.246,43.700,8.4,17.701,0.1666
09-02-2013,12:28:42,18.771,68.300,12.8,16.677,0.1666
09-02-2013,13:28:43,23.641,44.600,10.9,19.722,0.1659
09-02-2013,14:28:44,20.770,49.700,9.9,20.388,0.1659
09-02-2013,15:28:45,13.978,59.700,6.3,18.129,0.1659
09-02-2013,16:28:46,13.522,81.500,10.4,15.843,0.1659
09-02-2013,17:28:47,14.960,77.000,11.0,15.533,0.1652
09-02-2013,18:28:48,13.690,70.900,8.5,14.673,0.1652
09-02-2013,19:28:49,13.401,75.900,9.3,13.762,0.1637
09-02-2013,20:28:50,12.509,71.500,7.5,12.992,0.1637
09-02-2013,21:28:51,12.340,70.100,7.1,12.292,0.1630
09-02-2013,22:28:52,11.710,70.600,6.6,11.880,0.1623
09-02-2013,23:28:53,11.029,70.300,5.8,11.443,0.1623
10-02-2013,00:28:54,11.759,70.600,6.6,11.200,0.1623
10-02-2013,01:28:55,11.321,70.300,6.1,11.029,0.1615
10-02-2013,02:28:56,11.029,75.900,7.0,10.932,0.1615
10-02-2013,03:28:57,10.736,75.800,6.7,10.785,0.1608
10-02-2013,04:28:58,9.632,72.100,4.9,10.467,0.1608
10-02-2013,05:28:59,9.583,70.000,4.4,9.952,0.1601
10-02-2013,06:29:00,9.238,68.000,3.6,9.657,0.1601
10-02-2013,07:29:01,10.198,63.300,3.5,9.410,0.1594
10-02-2013,08:29:02,13.594,56.200,5.0,9.657,0.1594
10-02-2013,09:29:03,17.605,53.700,8.1,10.590,0.1594
10-02-2013,10:29:04,19.912,51.500,9.6,12.389,0.1586
10-02-2013,11:29:05,21.676,48.200,10.3,15.103,0.1594
10-02-2013,12:29:06,22.609,43.500,9.6,17.772,0.1594
10-02-2013,13:29:07,25.065,35.600,8.8,20.865,0.1594
10-02-2013,14:29:08,26.012,32.200,8.1,24.050,0.1601
10-02-2013,15:29:09,27.825,28.600,8.0,25.914,0.1601
10-02-2013,16:29:10,26.451,23.800,4.1,27.161,0.1608
10-02-2013,17:29:11,22.417,43.900,9.5,26.598,0.1608
10-02-2013,18:29:12,15.700,64.600,9.1,23.352,0.1608
10-02-2013,19:29:13,11.273,83.300,8.6,19.698,0.1594
10-02-2013,20:29:14,8.965,91.100,7.6,17.058,0.1586
10-02-2013,21:29:15,7.770,95.000,7.0,15.318,0.1579
10-02-2013,22:29:16,7.469,96.700,7.0,14.050,0.1564
10-02-2013,23:29:17,7.142,97.400,6.8,13.281,0.1564
11-02-2013,00:29:18,6.889,97.800,6.6,12.630,0.1557
11-02-2013,01:29:19,6.687,97.900,6.4,12.098,0.1550
11-02-2013,02:29:20,6.636,97.600,6.3,11.734,0.1543
11-02-2013,03:29:21,5.796,97.400,5.4,11.321,0.1543
11-02-2013,04:29:22,1.099,94.200,0.3,10.173,0.1543
11-02-2013,05:29:23,-0.004,94.800,-0.7,8.519,0.1535
11-02-2013,06:29:24,-1.185,93.800,-2.1,7.469,0.1528
11-02-2013,07:29:25,-0.451,95.100,-1.1,6.737,0.1521
11-02-2013,08:29:26,10.565,100.000,10.6,7.820,0.1521
11-02-2013,09:29:27,14.409,93.900,13.5,9.928,0.1521
11-02-2013,10:29:28,18.247,70.100,12.7,11.783,0.1521
11-02-2013,11:29:29,22.106,55.700,12.9,15.151,0.1521
11-02-2013,12:29:30,26.720,49.500,15.3,20.055,0.1528
11-02-2013,13:29:31,32.175,45.900,19.1,24.677,0.1535
11-02-2013,14:29:32,24.484,45.600,12.0,26.744,0.1543
11-02-2013,15:29:33,23.088,55.900,13.8,24.750,0.1543
11-02-2013,16:29:34,28.568,58.600,19.7,23.737,0.1543
11-02-2013,17:29:35,25.525,54.500,15.7,24.436,0.1543
11-02-2013,18:29:36,19.008,63.800,12.0,22.705,0.1535
11-02-2013,19:29:37,13.497,76.700,9.5,19.984,0.1528
11-02-2013,20:29:38,10.638,90.900,9.2,17.225,0.1521
11-02-2013,21:29:39,10.638,94.400,9.8,15.700,0.1514
11-02-2013,22:29:40,7.970,93.800,7.0,14.768,0.1514
11-02-2013,23:29:41,3.485,89.600,1.9,12.485,0.1499
12-02-2013,00:29:42,2.209,91.000,0.9,10.810,0.1492
12-02-2013,01:29:43,1.534,91.900,0.4,9.657,0.1485
12-02-2013,02:29:44,1.262,92.800,0.2,8.817,0.1477
12-02-2013,03:29:45,0.989,93.700,0.1,8.245,0.1470
12-02-2013,04:29:46,1.044,95.000,0.3,7.695,0.1470
12-02-2013,05:29:47,5.437,99.000,5.3,7.845,0.1470
12-02-2013,06:29:48,3.696,99.300,3.6,8.070,0.1463
12-02-2013,07:29:49,7.645,100.000,7.7,7.995,0.1463
12-02-2013,08:29:50,11.759,99.000,11.6,9.287,0.1463
12-02-2013,09:29:51,16.010,85.800,13.7,10.712,0.1456
12-02-2013,10:29:52,19.865,70.500,14.4,12.558,0.1456
12-02-2013,11:29:53,24.436,58.600,15.8,15.748,0.1463
12-02-2013,12:29:54,21.151,50.200,10.4,19.246,0.1470
12-02-2013,13:29:55,20.770,64.900,13.9,19.698,0.1477
12-02-2013,14:29:56,19.032,75.000,14.5,18.509,0.1477
12-02-2013,15:29:57,17.201,75.200,12.8,18.675,0.1477
12-02-2013,16:29:58,21.509,76.400,17.2,18.366,0.1477
12-02-2013,17:29:59,16.749,75.500,12.4,18.771,0.1470
12-02-2013,18:30:00,15.652,80.900,12.4,17.534,0.1470
12-02-2013,19:30:01,13.112,86.100,10.9,16.320,0.1470
12-02-2013,20:30:02,9.558,93.100,8.5,14.625,0.1463
12-02-2013,21:30:03,8.145,97.200,7.7,13.088,0.1456
12-02-2013,22:30:04,7.870,98.500,7.7,11.953,0.1456
12-02-2013,23:30:05,10.247,100.000,10.3,12.098,0.1448
13-02-2013,00:30:06,7.494,99.300,7.4,12.074,0.1448
13-02-2013,01:30:07,4.662,97.800,4.3,10.761,0.1448
13-02-2013,02:30:08,2.557,95.600,1.9,9.410,0.1441
13-02-2013,03:30:09,1.615,95.600,1.0,8.444,0.1434
13-02-2013,04:30:10,1.697,96.200,1.2,7.770,0.1434
13-02-2013,05:30:11,1.398,96.200,0.9,7.343,0.1426
13-02-2013,06:30:12,1.235,96.100,0.7,6.990,0.1426
13-02-2013,07:30:13,2.503,97.200,2.1,6.839,0.1419
13-02-2013,08:30:14,11.637,99.900,11.6,7.720,0.1419
13-02-2013,09:30:15,17.510,82.600,14.5,9.903,0.1419
13-02-2013,10:30:16,20.746,61.900,13.2,12.219,0.1426
13-02-2013,11:30:17,19.888,55.400,10.7,15.318,0.1426
13-02-2013,12:30:18,25.089,52.100,14.6,18.224,0.1434
13-02-2013,13:30:19,20.222,54.700,10.8,20.531,0.1441
13-02-2013,14:30:20,23.016,68.500,16.9,18.771,0.1441
13-02-2013,15:30:21,20.555,66.000,14.0,19.698,0.1441
13-02-2013,16:30:22,11.589,83.300,8.9,17.605,0.1426
13-02-2013,17:30:23,11.200,97.500,10.8,13.954,0.2276
13-02-2013,18:30:24,12.944,98.500,12.7,13.497,0.2610
13-02-2013,19:30:25,13.714,96.300,13.2,14.553,0.2509
13-02-2013,20:30:26,10.638,93.700,9.7,14.194,0.2429
13-02-2013,21:30:27,9.731,95.500,9.1,13.185,0.2371
13-02-2013,22:30:28,9.879,97.400,9.5,12.461,0.2327
13-02-2013,23:30:29,7.268,97.500,6.9,11.807,0.2298
14-02-2013,00:30:30,5.796,97.400,5.4,10.736,0.2269
14-02-2013,01:30:31,5.847,98.500,5.6,10.149,0.2240
14-02-2013,02:30:32,6.026,98.100,5.8,9.509,0.2225
14-02-2013,03:30:33,8.045,100.000,8.1,9.188,0.2204
14-02-2013,04:30:34,8.195,99.400,8.1,9.262,0.2189
14-02-2013,05:30:35,8.195,98.500,8.0,9.188,0.2175
14-02-2013,06:30:36,7.066,97.800,6.7,8.965,0.2160
14-02-2013,07:30:37,9.410,96.900,9.0,8.891,0.2153
14-02-2013,08:30:38,12.171,92.200,11.0,9.509,0.2138
14-02-2013,09:30:39,16.106,82.300,13.1,10.394,0.2131
14-02-2013,10:30:40,19.341,71.900,14.2,12.122,0.2124
14-02-2013,11:30:41,23.160,62.800,15.7,15.127,0.2124
14-02-2013,12:30:42,18.723,62.500,11.4,16.963,0.2116
14-02-2013,13:30:43,11.953,77.800,8.2,15.915,0.2080
14-02-2013,14:30:44,10.810,96.900,10.3,14.194,0.2727
14-02-2013,15:30:45,19.222,97.200,18.8,14.625,0.2734
14-02-2013,16:30:46,20.913,78.600,17.1,19.151,0.2618
14-02-2013,17:30:47,20.269,63.100,13.0,20.936,0.2538
14-02-2013,18:30:48,17.320,68.100,11.4,19.912,0.2494
14-02-2013,19:30:49,13.954,75.200,9.6,18.105,0.2451
14-02-2013,20:30:50,10.198,89.000,8.5,15.915,0.2414
14-02-2013,21:30:51,9.805,95.300,9.1,14.361,0.2392
14-02-2013,22:30:52,9.706,97.700,9.4,13.449,0.2371
14-02-2013,23:30:53,9.015,97.000,8.6,12.606,0.2349
15-02-2013,00:30:54,8.643,99.200,8.5,12.074,0.2327
15-02-2013,01:30:55,7.419,97.000,7.0,11.443,0.2313
15-02-2013,02:30:56,6.077,96.700,5.6,10.834,0.2298
15-02-2013,03:30:57,4.376,95.300,3.7,9.952,0.2284
15-02-2013,04:30:58,4.740,96.200,4.2,9.336,0.2269
15-02-2013,05:30:59,4.610,96.900,4.2,9.064,0.2262
15-02-2013,06:31:00,3.617,96.300,3.1,8.593,0.2254
15-02-2013,07:31:01,4.999,97.300,4.6,8.220,0.2247
15-02-2013,08:31:02,11.321,100.000,11.3,8.965,0.2233
15-02-2013,09:31:03,16.796,90.700,15.3,10.443,0.2233
15-02-2013,10:31:04,14.888,76.600,10.8,12.219,0.2233
15-02-2013,11:31:05,19.318,66.500,12.9,14.314,0.2225
15-02-2013,12:31:06,26.182,59.900,17.8,17.629,0.2225
15-02-2013,13:31:07,30.192,52.500,19.4,21.748,0.2225
15-02-2013,14:31:08,25.841,52.900,15.5,23.112,0.2225
15-02-2013,15:31:09,22.178,57.300,13.4,21.843,0.2225
15-02-2013,16:31:10,18.961,57.700,10.5,21.199,0.2211
15-02-2013,17:31:11,18.580,62.200,11.2,19.199,0.2211
15-02-2013,18:31:12,14.649,66.700,8.5,17.629,0.2196
15-02-2013,19:31:13,14.170,79.100,10.6,16.320,0.2189
15-02-2013,20:31:14,12.171,88.100,10.3,15.557,0.2167
15-02-2013,21:31:15,10.810,96.600,10.3,14.529,0.2167
15-02-2013,22:31:16,10.614,98.800,10.4,13.810,0.2160
15-02-2013,23:31:17,8.891,98.300,8.6,12.992,0.2153
16-02-2013,00:31:18,7.569,96.500,7.1,11.977,0.2153
16-02-2013,01:31:19,9.139,98.900,9.0,11.734,0.2146
16-02-2013,02:31:20,5.334,96.000,4.8,11.029,0.2138
16-02-2013,03:31:21,3.854,95.100,3.1,9.805,0.2124
16-02-2013,04:31:22,2.823,94.500,2.0,8.916,0.2116
16-02-2013,05:31:23,2.182,94.800,1.4,8.220,0.2109
16-02-2013,06:31:24,1.859,94.800,1.1,7.619,0.2102
16-02-2013,07:31:25,2.637,96.000,2.1,7.217,0.2095
16-02-2013,08:31:26,9.756,99.800,9.7,7.368,0.2095
16-02-2013,09:31:27,17.272,93.200,16.2,8.643,0.2095
16-02-2013,10:31:28,21.294,73.300,16.3,11.175,0.2095
16-02-2013,11:31:29,25.113,60.600,17.0,15.175,0.2102
16-02-2013,12:31:30,20.079,60.900,12.3,17.320,0.2102
16-02-2013,13:31:31,29.740,51.500,18.7,19.579,0.2102
16-02-2013,14:31:32,30.520,49.800,18.9,22.681,0.2102
16-02-2013,15:31:33,32.742,46.900,19.9,24.702,0.2102
16-02-2013,16:31:34,26.500,46.500,14.1,25.113,0.2102
16-02-2013,17:31:35,27.259,48.500,15.5,23.112,0.2095
16-02-2013,18:31:36,19.508,47.900,8.2,21.676,0.2087
16-02-2013,19:31:37,16.368,57.500,8.0,19.127,0.2080
16-02-2013,20:31:38,10.980,81.700,8.0,16.773,0.2073
16-02-2013,21:31:39,8.717,91.300,7.4,15.055,0.2066
16-02-2013,22:31:40,6.965,92.400,5.8,13.618,0.2058
16-02-2013,23:31:41,5.924,93.200,4.9,12.219,0.2051
17-02-2013,00:31:42,5.231,93.900,4.3,11.297,0.2044
17-02-2013,01:31:43,4.168,92.600,3.1,10.418,0.2029
17-02-2013,02:31:44,3.142,91.900,2.0,9.583,0.2022
17-02-2013,03:31:45,3.116,93.300,2.1,8.965,0.2022
17-02-2013,04:31:46,5.539,96.100,5.0,8.543,0.2015
17-02-2013,05:31:47,8.145,98.800,8.0,9.040,0.2008
17-02-2013,06:31:48,8.494,96.700,8.0,9.312,0.2008
17-02-2013,07:31:49,9.460,94.900,8.7,9.435,0.2008
17-02-2013,08:31:50,12.340,90.300,10.8,9.879,0.2008
17-02-2013,09:31:51,16.630,77.600,12.7,10.736,0.2000
17-02-2013,10:31:52,20.079,66.200,13.6,12.389,0.2008
17-02-2013,11:31:53,22.968,55.900,13.7,15.294,0.2008
17-02-2013,12:31:54,27.407,49.100,15.8,19.294,0.2008
17-02-2013,13:31:55,28.196,44.600,15.0,22.776,0.2015
17-02-2013,14:31:56,25.380,43.000,11.9,24.195,0.2015
17-02-2013,15:31:57,20.746,48.500,9.5,24.002,0.2015
17-02-2013,16:31:58,20.579,57.200,11.8,23.088,0.2015
17-02-2013,17:31:59,23.280,58.600,14.7,21.963,0.2008
17-02-2013,18:32:00,18.224,62.400,10.9,20.627,0.2008
17-02-2013,19:32:01,15.963,66.400,9.7,18.652,0.1993
17-02-2013,20:32:02,9.731,78.800,6.2,16.415,0.1986
17-02-2013,21:32:03,8.841,89.600,7.2,14.673,0.1978
17-02-2013,22:32:04,7.066,89.900,5.5,13.497,0.1971
17-02-2013,23:32:05,5.514,89.800,4.0,12.195,0.1964
18-02-2013,00:32:06,4.740,91.100,3.4,11.224,0.1957
18-02-2013,01:32:07,4.141,91.500,2.9,10.443,0.1949
18-02-2013,02:32:08,4.168,92.900,3.1,9.903,0.1949
18-02-2013,03:32:09,3.801,93.500,2.9,9.435,0.1942
18-02-2013,04:32:10,4.324,96.000,3.7,9.064,0.1935
18-02-2013,05:32:11,8.045,99.200,7.9,9.238,0.1928
18-02-2013,06:32:12,8.618,99.400,8.5,9.485,0.1928
18-02-2013,07:32:13,9.583,98.400,9.4,9.805,0.1928
18-02-2013,08:32:14,12.147,95.000,11.4,10.296,0.1928
18-02-2013,09:32:15,15.963,81.100,12.7,11.053,0.1920
18-02-2013,10:32:16,18.771,69.800,13.2,12.485,0.1920
18-02-2013,11:32:17,20.865,63.900,13.8,15.151,0.1928
18-02-2013,12:32:18,23.064,61.300,15.2,18.533,0.1928
18-02-2013,13:32:19,24.798,57.900,16.0,21.604,0.1935
18-02-2013,14:32:20,24.726,54.300,14.9,24.726,0.1942
18-02-2013,15:32:21,26.451,52.400,15.9,25.647,0.1942
18-02-2013,16:32:22,19.698,59.600,11.6,24.219,0.1942
18-02-2013,17:32:23,23.569,57.500,14.7,22.298,0.1935
18-02-2013,18:32:24,19.270,58.600,11.0,21.676,0.1928
18-02-2013,19:32:25,15.843,69.100,10.2,20.007,0.1920
18-02-2013,20:32:26,13.594,87.800,11.6,18.081,0.1913
18-02-2013,21:32:27,12.944,92.900,11.8,16.820,0.1906
18-02-2013,22:32:28,10.956,94.400,10.1,15.819,0.1899
18-02-2013,23:32:29,10.858,94.900,10.1,14.577,0.1899
19-02-2013,00:32:30,10.980,91.900,9.7,13.978,0.1891
19-02-2013,01:32:31,9.977,87.600,8.0,13.185,0.1884
19-02-2013,02:32:32,10.124,90.000,8.6,12.509,0.1877
19-02-2013,03:32:33,10.785,84.700,8.3,12.243,0.1870
19-02-2013,04:32:34,9.706,84.400,7.2,11.856,0.1870
19-02-2013,05:32:35,9.805,80.100,6.5,11.346,0.1870
19-02-2013,06:32:36,9.780,76.000,5.8,10.907,0.1862
19-02-2013,07:32:37,10.198,78.900,6.7,10.565,0.1855
19-02-2013,08:32:38,13.930,71.600,8.9,11.029,0.1855
19-02-2013,09:32:39,16.034,62.100,8.8,12.098,0.1848
19-02-2013,10:32:40,19.793,59.300,11.6,13.305,0.1848
19-02-2013,11:32:41,21.461,54.000,11.8,15.772,0.1840
19-02-2013,12:32:42,21.223,53.400,11.4,17.867,0.1848
19-02-2013,13:32:43,16.963,57.100,8.4,18.414,0.1848
19-02-2013,14:32:44,19.318,66.800,13.0,17.510,0.1848
19-02-2013,15:32:45,26.036,46.400,13.7,20.865,0.1840
19-02-2013,16:32:46,25.623,42.200,11.8,23.737,0.1840
19-02-2013,17:32:47,24.629,41.300,10.6,23.809,0.1840
19-02-2013,18:32:48,23.064,43.600,10.0,22.321,0.1833
19-02-2013,19:32:49,16.630,51.000,6.5,20.246,0.1833
19-02-2013,20:32:50,10.834,72.700,6.1,17.344,0.1819
19-02-2013,21:32:51,8.568,86.200,6.4,15.079,0.1811
19-02-2013,22:32:52,6.484,89.900,5.0,13.642,0.1804
19-02-2013,23:32:53,5.282,90.600,3.9,12.340,0.1797
20-02-2013,00:32:54,8.693,95.400,8.0,11.807,0.1797
20-02-2013,01:32:55,7.770,91.100,6.4,11.637,0.1790
20-02-2013,02:32:56,6.484,92.000,5.3,11.102,0.1782
20-02-2013,03:32:57,8.270,95.300,7.6,10.687,0.1782
20-02-2013,04:32:58,8.742,92.300,7.6,10.663,0.1775
20-02-2013,05:32:59,8.419,93.500,7.4,10.541,0.1775
20-02-2013,06:33:00,8.618,95.900,8.0,10.320,0.1768
20-02-2013,07:33:01,9.114,95.300,8.4,10.345,0.1768
20-02-2013,08:33:02,13.906,90.400,12.4,10.687,0.1768
20-02-2013,09:33:03,18.176,69.500,12.5,11.759,0.1761
20-02-2013,10:33:04,20.793,59.400,12.6,13.401,0.1761
20-02-2013,11:33:05,22.417,54.500,12.8,16.082,0.1761
20-02-2013,12:33:06,24.171,52.700,13.9,19.436,0.1761
20-02-2013,13:33:07,26.646,49.300,15.2,23.088,0.1768
20-02-2013,14:33:08,27.530,48.500,15.7,25.137,0.1775
20-02-2013,15:33:09,27.358,46.400,14.9,25.963,0.1775
20-02-2013,16:33:10,28.320,44.100,15.0,26.842,0.1775
20-02-2013,17:33:11,27.604,46.600,15.2,27.112,0.1775
20-02-2013,18:33:12,18.485,65.100,11.8,24.388,0.1768
20-02-2013,19:33:13,14.768,82.700,11.9,21.270,0.1761
20-02-2013,20:33:14,13.738,90.800,12.3,19.032,0.1746
20-02-2013,21:33:15,13.449,94.300,12.6,17.819,0.1739
20-02-2013,22:33:16,12.751,96.600,12.2,17.034,0.1732
20-02-2013,23:33:17,11.053,98.000,10.8,16.082,0.1732
21-02-2013,00:33:18,8.990,97.100,8.6,14.768,0.1724
21-02-2013,01:33:19,9.040,97.600,8.7,13.546,0.1717
21-02-2013,02:33:20,9.089,97.600,8.7,12.775,0.1710
21-02-2013,03:33:21,5.770,94.500,5.0,12.098,0.1702
21-02-2013,04:33:22,5.539,97.200,5.1,11.151,0.1702
21-02-2013,05:33:23,6.687,98.900,6.5,10.761,0.1695
21-02-2013,06:33:24,7.066,98.900,6.9,10.541,0.1688
21-02-2013,07:33:25,10.761,98.400,10.5,10.565,0.1688
21-02-2013,08:33:26,12.871,88.100,11.0,11.977,0.1681
21-02-2013,09:33:27,16.773,76.800,12.7,13.161,0.1681
21-02-2013,10:33:28,17.011,68.400,11.2,14.960,0.1681
21-02-2013,11:33:29,24.146,63.400,16.8,17.058,0.1681
21-02-2013,12:33:30,23.352,54.700,13.7,21.079,0.1681
21-02-2013,13:33:31,22.872,53.500,13.0,23.352,0.1688
21-02-2013,14:33:32,18.889,61.900,11.4,22.729,0.1688
21-02-2013,15:33:33,22.441,59.300,14.1,21.557,0.1688
21-02-2013,16:33:34,16.534,67.700,10.6,21.151,0.1681
21-02-2013,17:33:35,14.768,82.000,11.7,18.889,0.1681
21-02-2013,18:33:36,16.701,80.100,13.3,17.748,0.1673
21-02-2013,19:33:37,13.978,76.000,9.8,18.081,0.1666
21-02-2013,20:33:38,10.394,92.300,9.2,15.939,0.1659
21-02-2013,21:33:39,9.854,97.500,9.5,14.601,0.1659
21-02-2013,22:33:40,9.485,94.800,8.7,13.690,0.1644
21-02-2013,23:33:41,9.262,90.200,7.7,12.968,0.1637
22-02-2013,00:33:42,8.469,90.500,7.0,12.316,0.1637
22-02-2013,01:33:43,8.891,98.500,8.7,11.832,0.1630
22-02-2013,02:33:44,9.928,91.700,8.7,12.050,0.1630
22-02-2013,03:33:45,8.195,90.800,6.8,11.832,0.1630
22-02-2013,04:33:46,5.539,92.800,4.5,11.053,0.1623
22-02-2013,05:33:47,3.854,93.400,2.9,9.977,0.1615
22-02-2013,06:33:48,5.308,97.200,4.9,9.336,0.1615
22-02-2013,07:33:49,8.568,100.000,8.6,9.780,0.1615
22-02-2013,08:33:50,10.369,98.300,10.1,10.834,0.1615
22-02-2013,09:33:51,13.353,92.600,12.2,11.929,0.1608
22-02-2013,10:33:52,18.081,84.600,15.5,12.992,0.1608
22-02-2013,11:33:53,22.561,67.400,16.2,15.986,0.1608
22-02-2013,12:33:54,26.622,59.500,18.1,19.936,0.1615
22-02-2013,13:33:55,30.798,53.300,20.2,23.448,0.1615
22-02-2013,14:33:56,32.253,43.700,18.4,27.136,0.1623
22-02-2013,15:33:57,32.587,39.800,17.2,28.916,0.1630
22-02-2013,16:33:58,31.459,39.100,15.9,29.515,0.1630
22-02-2013,17:33:59,27.899,43.800,14.5,28.097,0.1630
22-02-2013,18:34:00,22.705,49.300,11.6,25.307,0.1623
22-02-2013,19:34:01,14.505,60.100,6.9,21.819,0.1615
22-02-2013,20:34:02,10.443,81.200,7.4,18.343,0.1601
22-02-2013,21:34:03,9.188,86.800,7.1,16.177,0.1586
22-02-2013,22:34:04,7.268,90.300,5.8,14.649,0.1579
22-02-2013,23:34:05,3.617,88.500,1.9,12.703,0.1572
23-02-2013,00:34:06,5.539,98.400,5.3,11.904,0.1572
23-02-2013,01:34:07,6.306,98.300,6.1,11.297,0.1557
23-02-2013,02:34:08,3.617,95.100,2.9,10.296,0.1550
23-02-2013,03:34:09,3.406,98.100,3.1,9.829,0.1543
23-02-2013,04:34:10,1.099,94.400,0.3,8.817,0.1543
23-02-2013,05:34:11,3.775,100.000,3.8,8.543,0.1535
23-02-2013,06:34:12,4.141,99.900,4.1,8.419,0.1535
23-02-2013,07:34:13,4.792,99.800,4.8,8.145,0.1528
23-02-2013,08:34:14,9.805,100.000,9.8,8.941,0.1528
23-02-2013,09:34:15,15.055,89.100,13.3,10.467,0.1528
23-02-2013,10:34:16,20.436,75.500,16.0,12.582,0.1528
23-02-2013,11:34:17,25.720,66.400,19.0,15.915,0.1528
23-02-2013,12:34:18,28.692,53.900,18.5,20.698,0.1535
23-02-2013,13:34:19,32.330,46.900,19.6,25.065,0.1535
23-02-2013,14:34:20,29.265,41.800,15.0,28.245,0.1550
23-02-2013,15:34:21,31.026,40.700,16.1,29.090,0.1550
23-02-2013,16:34:22,21.175,51.900,10.9,26.109,0.1557
23-02-2013,17:34:23,19.460,62.400,12.1,22.729,0.1550
23-02-2013,18:34:24,17.748,63.800,10.8,21.103,0.1535
23-02-2013,19:34:25,13.786,75.500,9.5,19.175,0.1535
23-02-2013,20:34:26,10.785,88.200,8.9,16.844,0.1521
23-02-2013,21:34:27,12.074,93.700,11.1,15.509,0.1514
23-02-2013,22:34:28,12.316,90.500,10.8,15.342,0.1506
23-02-2013,23:34:29,10.956,91.100,9.6,14.816,0.1506
24-02-2013,00:34:30,8.792,93.600,7.8,13.762,0.1499
24-02-2013,01:34:31,9.682,96.600,9.2,13.233,0.1499
24-02-2013,02:34:32,9.114,97.400,8.7,13.040,0.1492
24-02-2013,03:34:33,10.394,99.700,10.4,12.461,0.1485
24-02-2013,04:34:34,10.394,100.000,10.4,12.727,0.1485
24-02-2013,05:34:35,10.565,100.000,10.6,12.461,0.1485
24-02-2013,06:34:36,10.222,100.000,10.2,12.122,0.1477
24-02-2013,07:34:37,12.558,100.000,12.6,12.606,0.1477
24-02-2013,08:34:38,13.858,100.000,13.9,13.353,0.1477
24-02-2013,09:34:39,18.390,93.500,17.3,14.697,0.1477
24-02-2013,10:34:40,24.702,72.100,19.4,16.558,0.1485
24-02-2013,11:34:41,23.954,64.400,16.8,19.032,0.1485
24-02-2013,12:34:42,24.339,62.000,16.6,21.700,0.1485
24-02-2013,13:34:43,22.298,61.800,14.6,22.992,0.1492
24-02-2013,14:34:44,18.295,75.900,14.0,20.817,0.1492
24-02-2013,15:34:45,19.389,76.400,15.2,19.984,0.1492
24-02-2013,16:34:46,18.842,74.800,14.3,20.222,0.1492
24-02-2013,17:34:47,18.105,78.300,14.3,19.484,0.1485
24-02-2013,18:34:48,17.677,76.100,13.4,19.365,0.1485
24-02-2013,19:34:49,13.978,92.000,12.7,17.819,0.1470
24-02-2013,20:34:50,13.642,98.000,13.3,16.201,0.1470
24-02-2013,21:34:51,13.353,98.300,13.1,15.581,0.1463
24-02-2013,22:34:52,12.364,99.100,12.2,14.816,0.1463
24-02-2013,23:34:53,9.780,98.000,9.5,14.098,0.1456
25-02-2013,00:34:54,8.170,96.700,7.7,12.534,0.1456
25-02-2013,01:34:55,7.293,97.400,6.9,11.540,0.1448
25-02-2013,02:34:56,6.560,97.300,6.2,10.736,0.1448
25-02-2013,03:34:57,6.179,97.200,5.8,10.149,0.1441
25-02-2013,04:34:58,6.585,99.000,6.4,9.854,0.1441
25-02-2013,05:34:59,7.091,99.900,7.1,9.583,0.1434
25-02-2013,06:35:00,7.945,100.000,8.0,9.682,0.1434
25-02-2013,07:35:01,7.594,99.900,7.6,9.731,0.1434
25-02-2013,08:35:02,12.534,100.000,12.5,9.903,0.1426
25-02-2013,09:35:03,19.508,86.100,17.1,11.127,0.1434
25-02-2013,10:35:04,23.617,67.900,17.4,13.642,0.1441
25-02-2013,11:35:05,28.097,57.000,18.8,17.772,0.1448
25-02-2013,12:35:06,31.433,46.600,18.6,22.465,0.1448
25-02-2013,13:35:07,28.617,44.100,15.2,25.574,0.1463
25-02-2013,14:35:08,23.040,53.500,13.1,24.267,0.1470
25-02-2013,15:35:09,23.160,56.000,13.9,23.088,0.1470
25-02-2013,16:35:10,17.415,71.300,12.2,21.199,0.1470
25-02-2013,17:35:11,20.484,85.800,18.0,20.460,0.1470
25-02-2013,18:35:12,17.677,83.000,14.8,19.984,0.1470
25-02-2013,19:35:13,16.272,86.600,14.1,18.771,0.1463
25-02-2013,20:35:14,14.481,87.500,12.4,17.463,0.1463
25-02-2013,21:35:15,13.714,86.600,11.5,16.082,0.1456
25-02-2013,22:35:16,12.316,87.800,10.4,15.247,0.1448
25-02-2013,23:35:17,10.443,92.100,9.2,14.098,0.1448
26-02-2013,00:35:18,11.175,91.300,9.8,13.353,0.1448
26-02-2013,01:35:19,10.467,91.800,9.2,12.896,0.1441
26-02-2013,02:35:20,9.460,93.200,8.4,12.437,0.1434
26-02-2013,03:35:21,8.195,93.100,7.2,11.710,0.1434
26-02-2013,04:35:22,6.458,93.300,5.5,10.907,0.1434
26-02-2013,05:35:23,7.820,97.100,7.4,10.222,0.1426
26-02-2013,06:35:24,7.895,89.600,6.3,9.977,0.1426
26-02-2013,07:35:25,7.820,86.500,5.7,9.706,0.1426
26-02-2013,08:35:26,13.594,85.700,11.3,9.682,0.1426
26-02-2013,09:35:27,18.438,63.800,11.5,10.932,0.1419
26-02-2013,10:35:28,21.294,58.200,12.8,13.016,0.1419
26-02-2013,11:35:29,24.002,59.300,15.6,16.272,0.1426
26-02-2013,12:35:30,22.178,64.500,15.2,19.175,0.1434
26-02-2013,13:35:31,25.162,64.100,17.9,20.770,0.1441
26-02-2013,14:35:32,20.365,59.600,12.3,22.872,0.1448
26-02-2013,15:35:33,15.796,81.000,12.6,19.389,0.1448
26-02-2013,16:35:34,14.864,97.300,14.5,17.106,0.1448
26-02-2013,17:35:35,13.930,99.100,13.8,16.010,0.2530
26-02-2013,18:35:36,14.290,99.500,14.2,16.106,0.2443
26-02-2013,19:35:37,13.570,99.700,13.5,15.676,0.2647
26-02-2013,20:35:38,13.906,100.000,13.9,15.127,0.2581
26-02-2013,21:35:39,13.762,100.000,13.8,14.984,0.2494
26-02-2013,22:35:40,13.377,100.000,13.4,14.721,0.2436
26-02-2013,23:35:41,12.871,100.000,12.9,14.361,0.2392
27-02-2013,00:35:42,12.823,100.000,12.8,13.930,0.2363
27-02-2013,01:35:43,12.654,100.000,12.7,13.738,0.2334
27-02-2013,02:35:44,12.558,100.000,12.6,13.570,0.2313
27-02-2013,03:35:45,12.558,100.000,12.6,13.473,0.2291
27-02-2013,04:35:46,12.582,100.000,12.6,13.401,0.2276
27-02-2013,05:35:47,12.558,100.000,12.6,13.377,0.2262
27-02-2013,06:35:48,12.678,100.000,12.7,13.329,0.2247
27-02-2013,07:35:49,12.847,100.000,12.9,13.329,0.2240
27-02-2013,08:35:50,13.257,100.000,13.3,13.473,0.2225
27-02-2013,09:35:51,13.522,100.000,13.5,13.834,0.2218
27-02-2013,10:35:52,15.223,100.000,15.2,14.337,0.2211
27-02-2013,11:35:53,14.194,100.000,14.2,14.984,0.2225
27-02-2013,12:35:54,13.497,100.000,13.5,14.242,0.3191
27-02-2013,13:35:55,12.703,100.000,12.7,14.122,0.2901
27-02-2013,14:35:56,14.050,100.000,14.1,14.457,0.2974
27-02-2013,15:35:57,13.954,100.000,14.0,14.984,0.2865
27-02-2013,16:35:58,14.074,100.000,14.1,15.199,0.2814
27-02-2013,17:35:59,13.810,100.000,13.8,15.031,0.2770
27-02-2013,18:36:00,13.425,100.000,13.4,14.721,0.2748
27-02-2013,19:36:01,13.161,100.000,13.2,14.361,0.2698
27-02-2013,20:36:02,13.016,100.000,13.0,14.050,0.2668
27-02-2013,21:36:03,13.137,100.000,13.2,13.810,0.2799
27-02-2013,22:36:04,12.992,100.000,13.0,13.714,0.2756
27-02-2013,23:36:05,12.944,100.000,13.0,13.642,0.2712
28-02-2013,00:36:06,13.040,100.000,13.1,13.618,0.2705
28-02-2013,01:36:07,11.419,100.000,11.4,13.473,0.3097
28-02-2013,02:36:08,11.078,100.000,11.1,12.775,0.3141
28-02-2013,03:36:09,10.858,100.000,10.9,12.509,0.2974
28-02-2013,04:36:10,10.883,100.000,10.9,12.389,0.2879
28-02-2013,05:36:11,10.541,100.000,10.6,12.340,0.2806
28-02-2013,06:36:12,9.657,100.000,9.7,12.195,0.2770
28-02-2013,07:36:13,8.369,100.000,8.4,11.783,0.2770
28-02-2013,08:36:14,9.336,100.000,9.3,11.346,0.2799
28-02-2013,09:36:15,8.866,100.000,8.9,11.637,0.2770
28-02-2013,10:36:16,10.345,100.000,10.4,12.243,0.2734
28-02-2013,11:36:17,9.114,100.000,9.1,12.606,0.2705
28-02-2013,12:36:18,12.243,99.900,12.2,12.847,0.2676
28-02-2013,13:36:19,11.224,97.200,10.8,14.433,0.2654
28-02-2013,14:36:20,9.879,96.300,9.3,14.122,0.2639
28-02-2013,15:36:21,9.064,95.100,8.3,13.858,0.2625
28-02-2013,16:36:22,15.605,87.600,13.6,14.314,0.2610
28-02-2013,17:36:23,11.516,75.000,7.3,15.724,0.2603
28-02-2013,18:36:24,8.643,84.200,6.1,14.146,0.2589
28-02-2013,19:36:25,6.484,93.100,5.5,12.582,0.2574
28-02-2013,20:36:26,6.230,98.600,6.0,11.370,0.2552
28-02-2013,21:36:27,6.458,100.000,6.5,10.663,0.2530
28-02-2013,22:36:28,6.509,100.000,6.5,10.222,0.2509
28-02-2013,23:36:29,6.153,100.000,6.2,9.805,0.2509
01-03-2013,00:36:30,6.000,100.000,6.0,9.361,0.2523
01-03-2013,01:36:31,6.077,100.000,6.1,9.163,0.2545
01-03-2013,02:36:32,5.693,100.000,5.7,8.891,0.2668
01-03-2013,03:36:33,5.514,100.000,5.5,8.593,0.2683
01-03-2013,04:36:34,5.385,100.000,5.4,8.319,0.2683
01-03-2013,05:36:35,5.385,100.000,5.4,8.170,0.2676
01-03-2013,06:36:36,5.282,100.000,5.3,7.995,0.2712
01-03-2013,07:36:37,4.558,100.000,4.6,7.770,0.2719
01-03-2013,08:36:38,4.766,100.000,4.8,7.569,0.2698
01-03-2013,09:36:39,5.821,100.000,5.8,7.770,0.2676
01-03-2013,10:36:40,6.636,100.000,6.6,8.394,0.2661
01-03-2013,11:36:41,7.820,100.000,7.8,9.114,0.2647
01-03-2013,12:36:42,9.435,99.000,9.3,10.590,0.2639
01-03-2013,13:36:43,11.248,91.700,10.0,12.437,0.2632
01-03-2013,14:36:44,13.978,87.200,11.9,13.209,0.2618
01-03-2013,15:36:45,14.936,79.400,11.4,14.385,0.2610
01-03-2013,16:36:46,12.703,78.700,9.1,14.649,0.2603
01-03-2013,17:36:47,8.767,87.300,6.8,13.305,0.2589
01-03-2013,18:36:48,6.914,92.600,5.8,11.856,0.2581
01-03-2013,19:36:49,5.924,96.500,5.4,10.541,0.2567
01-03-2013,20:36:50,4.869,99.400,4.8,9.558,0.2552
01-03-2013,21:36:51,4.792,100.000,4.8,8.817,0.2538
01-03-2013,22:36:52,4.532,100.000,4.5,8.444,0.2523
01-03-2013,23:36:53,3.932,100.000,3.9,7.945,0.2516
02-03-2013,00:36:54,2.930,100.000,2.9,7.368,0.2509
02-03-2013,01:36:55,3.301,100.000,3.3,6.940,0.2501
02-03-2013,02:36:56,2.797,100.000,2.8,6.763,0.2501
02-03-2013,03:36:57,2.850,100.000,2.8,6.535,0.2494
02-03-2013,04:36:58,3.063,100.000,3.1,6.357,0.2487
02-03-2013,05:36:59,3.433,100.000,3.4,6.331,0.2480
02-03-2013,06:37:00,3.274,100.000,3.3,6.331,0.2472
02-03-2013,07:37:01,3.617,100.000,3.6,6.306,0.2472
02-03-2013,08:37:02,4.376,100.000,4.4,6.484,0.2465
02-03-2013,09:37:03,5.796,100.000,5.8,7.091,0.2465
02-03-2013,10:37:04,7.670,99.800,7.6,8.145,0.2465
02-03-2013,11:37:05,16.058,88.700,14.2,10.222,0.2465
02-03-2013,12:37:06,19.246,69.100,13.5,13.810,0.2472
02-03-2013,13:37:07,21.199,62.000,13.6,16.582,0.2480
02-03-2013,14:37:08,21.700,60.100,13.6,18.699,0.2480
02-03-2013,15:37:09,22.250,59.600,14.0,19.722,0.2480
02-03-2013,16:37:10,21.915,57.000,13.0,19.793,0.2480
02-03-2013,17:37:11,19.746,57.400,11.1,18.747,0.2480
02-03-2013,18:37:12,14.840,63.500,8.0,16.654,0.2472
02-03-2013,19:37:13,7.770,77.500,4.1,14.194,0.2458
02-03-2013,20:37:14,5.668,94.300,4.8,11.977,0.2451
02-03-2013,21:37:15,5.179,98.100,4.9,10.565,0.2443
02-03-2013,22:37:16,6.230,99.700,6.2,9.854,0.2436
02-03-2013,23:37:17,5.975,99.900,6.0,9.534,0.2429
03-03-2013,00:37:18,5.642,100.000,5.6,9.287,0.2422
03-03-2013,01:37:19,5.898,100.000,5.9,8.866,0.2422
03-03-2013,02:37:20,5.693,100.000,5.7,8.866,0.2414
03-03-2013,03:37:21,3.880,100.000,3.9,8.319,0.2407
03-03-2013,04:37:22,2.584,99.900,2.6,7.569,0.2407
03-03-2013,05:37:23,3.801,100.000,3.8,7.066,0.2400
03-03-2013,06:37:24,3.827,97.700,3.5,6.813,0.2392
03-03-2013,07:37:25,4.402,93.800,3.5,6.611,0.2392
03-03-2013,08:37:26,7.091,89.100,5.4,6.712,0.2392
03-03-2013,09:37:27,13.810,71.300,8.7,7.368,0.2392
03-03-2013,10:37:28,19.460,58.300,11.1,9.262,0.2392
03-03-2013,11:37:29,22.561,49.800,11.6,12.654,0.2392
03-03-2013,12:37:30,25.186,44.200,12.2,16.558,0.2400
03-03-2013,13:37:31,28.518,45.700,15.7,20.126,0.2407
03-03-2013,14:37:32,30.167,44.700,16.8,23.064,0.2414
03-03-2013,15:37:33,30.192,42.900,16.2,24.436,0.2422
03-03-2013,16:37:34,29.290,40.500,14.5,24.508,0.2414
03-03-2013,17:37:35,26.622,42.500,12.9,23.064,0.2414
03-03-2013,18:37:36,21.867,46.000,9.7,20.746,0.2407
03-03-2013,19:37:37,12.847,58.500,4.9,18.081,0.2400
03-03-2013,20:37:38,9.089,84.000,6.5,15.366,0.2392
03-03-2013,21:37:39,8.070,88.500,6.3,13.666,0.2385
03-03-2013,22:37:40,5.514,89.500,3.9,12.316,0.2378
03-03-2013,23:37:41,4.324,94.300,3.5,11.053,0.2371
04-03-2013,00:37:42,2.370,92.000,1.2,9.854,0.2363
04-03-2013,01:37:43,0.880,90.400,-0.5,8.717,0.2356
04-03-2013,02:37:44,0.024,91.500,-1.2,7.795,0.2356
04-03-2013,03:37:45,-0.902,90.800,-2.2,6.990,0.2349
04-03-2013,04:37:46,-1.613,90.100,-3.0,6.230,0.2342
04-03-2013,05:37:47,-1.727,90.500,-3.1,5.693,0.2342
04-03-2013,06:37:48,-2.247,89.600,-3.7,5.205,0.2334
04-03-2013,07:37:49,1.371,83.800,-1.1,4.895,0.2327
04-03-2013,08:37:50,6.914,70.100,1.8,5.257,0.2327
04-03-2013,09:37:51,16.439,45.600,4.7,6.306,0.2327
04-03-2013,10:37:52,20.103,33.000,3.3,8.444,0.2327
04-03-2013,11:37:53,24.074,32.600,6.6,11.977,0.2334
04-03-2013,12:37:54,25.623,34.600,8.9,16.225,0.2342
04-03-2013,13:37:55,30.976,36.900,14.6,20.841,0.2356
04-03-2013,14:37:56,31.970,36.000,15.1,24.026,0.2356
04-03-2013,15:37:57,31.663,32.600,13.2,25.380,0.2371
04-03-2013,16:37:58,31.026,29.100,11.0,25.331,0.2371
04-03-2013,17:37:59,27.554,32.500,9.6,23.857,0.2371
04-03-2013,18:38:00,22.130,35.500,6.2,21.246,0.2363
04-03-2013,19:38:01,12.292,46.000,1.0,18.295,0.2356
04-03-2013,20:38:02,6.839,70.000,1.8,15.414,0.2342
04-03-2013,21:38:03,4.272,82.300,1.5,13.185,0.2334
04-03-2013,22:38:04,5.102,89.900,3.6,11.929,0.2327
04-03-2013,23:38:05,3.406,88.500,1.7,10.858,0.2320
05-03-2013,00:38:06,4.584,93.900,3.7,10.001,0.2313
05-03-2013,01:38:07,2.289,90.400,0.9,9.583,0.2305
05-03-2013,02:38:08,0.715,89.900,-0.8,8.543,0.2298
05-03-2013,03:38:09,0.246,91.500,-1.0,7.770,0.2298
05-03-2013,04:38:10,0.107,92.400,-1.0,7.041,0.2291
05-03-2013,05:38:11,0.079,93.500,-0.8,6.636,0.2291
05-03-2013,06:38:12,2.316,89.600,0.8,6.281,0.2284
05-03-2013,07:38:13,-0.032,88.700,-1.7,6.128,0.2284
05-03-2013,08:38:14,5.539,92.800,4.5,5.847,0.2276
05-03-2013,09:38:15,16.677,55.900,7.8,6.661,0.2276
05-03-2013,10:38:16,23.232,38.100,8.2,8.990,0.2276
05-03-2013,11:38:17,27.407,39.300,12.4,13.305,0.2291
05-03-2013,12:38:18,30.091,36.800,13.7,17.962,0.2298
05-03-2013,13:38:19,31.689,38.200,15.7,22.130,0.2305
05-03-2013,14:38:20,33.261,37.200,16.7,24.919,0.2313
05-03-2013,15:38:21,32.794,35.800,15.7,26.182,0.2327
05-03-2013,16:38:22,30.041,30.000,10.6,25.841,0.2327
05-03-2013,17:38:23,28.742,25.900,7.3,24.195,0.2327
05-03-2013,18:38:24,25.428,29.500,6.4,21.748,0.2320
05-03-2013,19:38:25,13.666,45.100,2.0,18.889,0.2313
05-03-2013,20:38:26,7.995,74.000,3.7,15.891,0.2305
05-03-2013,21:38:27,6.128,84.000,3.6,13.810,0.2298
05-03-2013,22:38:28,4.428,86.600,2.4,12.340,0.2291
05-03-2013,23:38:29,3.591,88.800,1.9,11.175,0.2284
06-03-2013,00:38:30,6.026,96.000,5.4,10.638,0.2276
06-03-2013,01:38:31,7.116,93.200,6.1,10.418,0.2269
06-03-2013,02:38:32,8.568,87.800,6.7,10.320,0.2269
06-03-2013,03:38:33,7.293,86.200,5.1,10.124,0.2262
06-03-2013,04:38:34,4.089,91.300,2.8,9.336,0.2262
06-03-2013,05:38:35,6.636,95.200,5.9,8.668,0.2262
06-03-2013,06:38:36,6.357,93.600,5.4,8.792,0.2254
06-03-2013,07:38:37,7.419,95.800,6.8,8.767,0.2254
06-03-2013,08:38:38,10.980,92.100,9.8,9.312,0.2247
06-03-2013,09:38:39,17.201,79.600,13.7,10.516,0.2254
06-03-2013,10:38:40,21.628,64.400,14.6,12.678,0.2254
06-03-2013,11:38:41,19.365,54.700,10.0,15.342,0.2262
06-03-2013,12:38:42,26.158,48.000,14.3,18.057,0.2262
06-03-2013,13:38:43,21.748,47.500,10.1,21.270,0.2276
06-03-2013,14:38:44,28.394,49.100,16.7,22.657,0.2276
06-03-2013,15:38:45,27.087,44.900,14.1,25.113,0.2276
06-03-2013,16:38:46,26.475,49.700,15.1,24.774,0.2284
06-03-2013,17:38:47,26.671,45.900,14.1,24.026,0.2276
06-03-2013,18:38:48,22.178,41.600,8.5,22.513,0.2276
06-03-2013,19:38:49,15.485,58.000,7.3,19.936,0.2269
06-03-2013,20:38:50,8.344,77.200,4.6,16.844,0.2262
06-03-2013,21:38:51,6.636,87.400,4.7,14.385,0.2254
06-03-2013,22:38:52,6.153,91.700,4.9,12.968,0.2247
06-03-2013,23:38:53,7.895,95.100,7.2,12.268,0.2240
07-03-2013,00:38:54,8.120,96.100,7.5,12.195,0.2240
07-03-2013,01:38:55,6.990,94.500,6.2,11.880,0.2233
07-03-2013,02:38:56,5.231,94.200,4.4,11.127,0.2233
07-03-2013,03:38:57,4.168,93.700,3.2,10.149,0.2225
07-03-2013,04:38:58,6.408,97.500,6.0,9.854,0.2225
07-03-2013,05:38:59,5.231,96.800,4.8,9.903,0.2218
07-03-2013,06:39:00,3.512,94.900,2.8,9.139,0.2218
07-03-2013,07:39:01,5.668,97.300,5.3,8.990,0.2211
07-03-2013,08:39:02,9.632,99.600,9.6,9.361,0.2211
07-03-2013,09:39:03,18.913,90.600,17.4,10.394,0.2211
07-03-2013,10:39:04,24.243,64.600,17.2,12.630,0.2211
07-03-2013,11:39:05,27.801,55.100,18.0,16.153,0.2211
07-03-2013,12:39:06,29.690,49.500,18.0,20.436,0.2218
07-03-2013,13:39:07,30.444,47.400,18.0,23.833,0.2225
07-03-2013,14:39:08,31.893,45.000,18.5,25.695,0.2233
07-03-2013,15:39:09,30.798,50.500,19.4,24.847,0.2233
07-03-2013,16:39:10,22.106,55.400,12.8,23.665,0.2233
07-03-2013,17:39:11,19.484,64.000,12.5,21.533,0.2233
07-03-2013,18:39:12,19.770,66.900,13.5,19.936,0.2225
07-03-2013,19:39:13,13.185,72.700,8.4,18.247,0.2225
07-03-2013,20:39:14,11.200,87.300,9.2,16.129,0.2211
07-03-2013,21:39:15,10.736,92.000,9.5,14.912,0.2211
07-03-2013,22:39:16,9.139,93.300,8.1,14.002,0.2204
07-03-2013,23:39:17,8.220,95.400,7.5,13.137,0.2204
08-03-2013,00:39:18,7.015,95.000,6.3,12.340,0.2196
08-03-2013,01:39:19,6.611,96.700,6.1,11.710,0.2196
08-03-2013,02:39:20,5.796,95.800,5.2,11.102,0.2189
08-03-2013,03:39:21,5.050,95.400,4.4,10.516,0.2189
08-03-2013,04:39:22,4.610,96.000,4.0,10.051,0.2182
08-03-2013,05:39:23,4.324,95.700,3.7,9.608,0.2182
08-03-2013,06:39:24,5.616,97.600,5.3,9.435,0.2175
08-03-2013,07:39:25,7.695,99.700,7.7,9.928,0.2175
08-03-2013,08:39:26,11.662,99.800,11.6,10.541,0.2175
08-03-2013,09:39:27,19.151,81.300,15.9,11.977,0.2175
08-03-2013,10:39:28,21.628,62.600,14.2,14.673,0.2175
08-03-2013,11:39:29,26.989,52.000,16.3,16.892,0.2175
08-03-2013,12:39:30,30.343,48.400,18.3,20.555,0.2182
08-03-2013,13:39:31,30.950,45.100,17.7,24.146,0.2189
08-03-2013,14:39:32,33.053,42.500,18.6,26.646,0.2189
08-03-2013,15:39:33,33.339,41.500,18.5,27.875,0.2189
08-03-2013,16:39:34,30.874,42.300,16.6,27.014,0.2189
08-03-2013,17:39:35,28.320,40.500,13.6,25.501,0.2189
08-03-2013,18:39:36,23.280,44.000,10.4,22.824,0.2182
08-03-2013,19:39:37,13.786,56.100,5.2,19.888,0.2175
08-03-2013,20:39:38,10.614,77.700,6.9,17.130,0.2167
08-03-2013,21:39:39,7.895,85.000,5.5,15.223,0.2160
08-03-2013,22:39:40,7.368,90.300,5.9,13.978,0.2153
08-03-2013,23:39:41,6.281,90.600,4.9,12.944,0.2146
09-03-2013,00:39:42,6.077,92.300,4.9,12.122,0.2146
09-03-2013,01:39:43,8.643,95.000,7.9,11.540,0.2138
09-03-2013,02:39:44,10.345,92.800,9.2,11.832,0.2138
09-03-2013,03:39:45,10.222,93.200,9.2,11.856,0.2131
09-03-2013,04:39:46,8.990,95.100,8.3,11.565,0.2131
09-03-2013,05:39:47,9.928,95.600,9.3,11.394,0.2131
09-03-2013,06:39:48,10.565,92.500,9.4,11.419,0.2131
09-03-2013,07:39:49,9.928,93.900,9.0,11.273,0.2131
09-03-2013,08:39:50,12.823,92.600,11.7,11.516,0.2124
09-03-2013,09:39:51,17.677,82.700,14.7,12.389,0.2124
09-03-2013,10:39:52,20.293,69.100,14.5,13.954,0.2124
09-03-2013,11:39:53,23.016,62.000,15.4,16.201,0.2124
09-03-2013,12:39:54,19.960,62.000,12.5,18.747,0.2131
09-03-2013,13:39:55,21.700,67.400,15.4,19.127,0.2131
09-03-2013,14:39:56,26.622,61.000,18.5,21.509,0.2131
09-03-2013,15:39:57,28.468,55.700,18.8,23.930,0.2131
09-03-2013,16:39:58,27.333,52.100,16.7,24.847,0.2131
09-03-2013,17:39:59,21.175,57.800,12.6,23.617,0.2131
09-03-2013,18:40:00,17.605,67.000,11.4,20.746,0.2124
09-03-2013,19:40:01,12.727,78.200,9.0,18.295,0.2124
09-03-2013,20:40:02,9.558,87.100,7.5,15.867,0.2109
09-03-2013,21:40:03,8.270,91.000,6.9,14.218,0.2109
09-03-2013,22:40:04,8.270,93.700,7.3,13.233,0.2102
09-03-2013,23:40:05,8.817,96.700,8.3,12.775,0.2095
10-03-2013,00:40:06,8.643,96.900,8.2,12.437,0.2095
10-03-2013,01:40:07,7.519,96.500,7.0,11.880,0.2087
10-03-2013,02:40:08,7.745,97.600,7.4,11.346,0.2087
10-03-2013,03:40:09,8.742,99.000,8.6,11.370,0.2080
10-03-2013,04:40:10,8.270,98.400,8.0,11.443,0.2080
10-03-2013,05:40:11,8.369,98.200,8.1,11.273,0.2080
10-03-2013,06:40:12,7.192,97.000,6.8,10.907,0.2080
10-03-2013,07:40:13,7.066,98.300,6.8,10.345,0.2080
10-03-2013,08:40:14,10.956,100.000,11.0,10.541,0.2073
10-03-2013,09:40:15,17.724,94.400,16.8,12.195,0.2080
10-03-2013,10:40:16,21.843,69.500,16.0,14.361,0.2073
10-03-2013,11:40:17,20.603,66.500,14.2,15.891,0.2080
10-03-2013,12:40:18,21.461,59.100,13.2,18.343,0.2080
10-03-2013,13:40:19,31.357,53.700,20.9,20.936,0.2073
10-03-2013,14:40:20,25.744,52.500,15.3,23.112,0.2087
10-03-2013,15:40:21,21.915,58.600,13.5,21.700,0.2087
10-03-2013,16:40:22,19.508,69.300,13.8,19.698,0.2087
10-03-2013,17:40:23,15.438,80.800,12.2,18.580,0.2073
10-03-2013,18:40:24,14.146,94.800,13.3,16.820,0.2066
10-03-2013,19:40:25,12.944,95.100,12.2,16.058,0.2058
10-03-2013,20:40:26,10.956,95.000,10.2,14.888,0.2058
10-03-2013,21:40:27,10.100,97.900,9.8,13.497,0.2051
10-03-2013,22:40:28,9.583,99.300,9.5,12.606,0.2044
10-03-2013,23:40:29,9.410,99.600,9.4,11.953,0.2044
11-03-2013,00:40:30,8.593,98.200,8.3,11.419,0.2037
11-03-2013,01:40:31,7.116,97.200,6.7,10.663,0.2037
11-03-2013,02:40:32,5.076,96.300,4.5,9.879,0.2037
11-03-2013,03:40:33,6.433,99.600,6.4,9.410,0.2037
11-03-2013,04:40:34,5.924,99.200,5.8,9.238,0.2029
11-03-2013,05:40:35,5.050,98.100,4.8,8.841,0.2029
11-03-2013,06:40:36,4.141,97.400,3.8,8.344,0.2022
11-03-2013,07:40:37,4.844,98.200,4.6,8.020,0.2022
11-03-2013,08:40:38,7.945,99.800,7.9,8.245,0.2022
11-03-2013,09:40:39,17.819,91.500,16.4,9.657,0.2022
11-03-2013,10:40:40,23.112,67.300,16.7,12.268,0.2022
11-03-2013,11:40:41,18.604,63.500,11.6,15.461,0.2029
11-03-2013,12:40:42,25.404,70.700,19.7,16.225,0.2037
11-03-2013,13:40:43,23.978,64.000,16.8,18.176,0.2037
11-03-2013,14:40:44,19.674,62.600,12.4,20.246,0.2037
11-03-2013,15:40:45,19.436,73.000,14.5,18.010,0.2044
11-03-2013,16:40:46,28.568,59.600,20.0,19.484,0.2037
11-03-2013,17:40:47,22.034,57.100,13.2,20.722,0.2044
11-03-2013,18:40:48,17.153,70.800,11.8,18.485,0.2044
11-03-2013,19:40:49,14.936,75.200,10.6,16.701,0.2037
11-03-2013,20:40:50,11.467,83.800,8.8,14.984,0.2037
11-03-2013,21:40:51,8.668,90.400,7.2,13.353,0.2029
11-03-2013,22:40:52,8.668,94.100,7.8,12.122,0.2029
11-03-2013,23:40:53,7.945,92.900,6.9,11.807,0.2022
12-03-2013,00:40:54,6.230,93.000,5.2,10.810,0.2022
12-03-2013,01:40:55,5.334,94.300,4.5,10.001,0.2022
12-03-2013,02:40:56,4.740,94.000,3.9,9.361,0.2022
12-03-2013,03:40:57,4.246,94.100,3.4,8.817,0.2015
12-03-2013,04:40:58,4.532,96.100,4.0,8.394,0.2015
12-03-2013,05:40:59,4.610,97.100,4.2,8.095,0.2008
12-03-2013,06:41:00,5.154,98.200,4.9,7.845,0.2008
12-03-2013,07:41:01,5.745,99.400,5.7,7.795,0.2008
12-03-2013,08:41:02,12.630,100.000,12.6,8.494,0.2000
12-03-2013,09:41:03,17.701,86.900,15.5,10.492,0.2000
12-03-2013,10:41:04,21.342,72.100,16.1,12.630,0.2000
12-03-2013,11:41:05,23.497,66.600,16.9,15.700,0.2008
12-03-2013,12:41:06,25.428,63.500,18.0,18.937,0.2015
12-03-2013,13:41:07,25.817,67.300,19.3,20.007,0.2022
12-03-2013,14:41:08,20.865,64.800,14.0,21.724,0.2029
12-03-2013,15:41:09,22.226,64.600,15.3,22.441,0.2029
12-03-2013,16:41:10,21.485,64.500,14.5,22.011,0.2029
12-03-2013,17:41:11,23.280,65.000,16.4,21.246,0.2029
12-03-2013,18:41:12,18.771,69.300,13.1,19.746,0.2029
12-03-2013,19:41:13,12.896,84.400,10.3,17.249,0.2022
12-03-2013,20:41:14,12.920,92.400,11.7,15.294,0.2015
12-03-2013,21:41:15,12.195,94.000,11.3,14.266,0.2008
12-03-2013,22:41:16,12.147,95.100,11.4,13.618,0.2008
12-03-2013,23:41:17,12.001,95.300,11.3,13.161,0.2000
13-03-2013,00:41:18,12.606,93.900,11.7,12.920,0.2000
13-03-2013,01:41:19,11.783,93.700,10.8,12.678,0.2000
13-03-2013,02:41:20,11.565,94.300,10.7,12.389,0.1993
13-03-2013,03:41:21,11.880,95.000,11.1,12.195,0.1993
13-03-2013,04:41:22,11.710,94.600,10.9,12.074,0.1993
13-03-2013,05:41:23,11.200,95.200,10.5,11.880,0.1993
13-03-2013,06:41:24,11.637,96.200,11.1,11.783,0.1993
13-03-2013,07:41:25,10.834,96.800,10.4,11.686,0.1986
13-03-2013,08:41:26,11.880,96.600,11.4,11.613,0.1993
13-03-2013,09:41:27,14.266,89.000,12.5,12.364,0.1993
13-03-2013,10:41:28,17.034,79.800,13.5,13.185,0.1993
13-03-2013,11:41:29,18.176,75.300,13.8,15.055,0.1993
13-03-2013,12:41:30,19.722,72.000,14.6,17.082,0.2000
13-03-2013,13:41:31,17.368,73.100,12.5,18.604,0.2000
13-03-2013,14:41:32,19.722,70.000,14.1,19.199,0.2000
13-03-2013,15:41:33,16.272,73.100,11.5,19.127,0.2000
13-03-2013,16:41:34,15.843,76.900,11.8,17.130,0.1993
13-03-2013,17:41:35,14.888,79.100,11.3,16.129,0.1993
13-03-2013,18:41:36,15.676,80.600,12.4,15.461,0.1993
13-03-2013,19:41:37,13.137,80.900,9.9,14.984,0.1993
13-03-2013,20:41:38,12.992,86.700,10.8,14.050,0.1986
13-03-2013,21:41:39,11.783,90.500,10.3,13.401,0.1986
13-03-2013,22:41:40,11.783,96.800,11.3,13.040,0.1978
13-03-2013,23:41:41,11.443,99.400,11.4,13.088,0.1978
14-03-2013,00:41:42,10.614,99.600,10.6,12.968,0.1978
14-03-2013,01:41:43,9.903,99.700,9.9,12.606,0.1971
14-03-2013,02:41:44,9.509,99.800,9.5,12.268,0.1971
14-03-2013,03:41:45,9.262,99.900,9.3,12.001,0.1971
14-03-2013,04:41:46,7.920,99.700,7.9,11.686,0.1971
14-03-2013,05:41:47,4.740,97.800,4.4,10.541,0.1971
14-03-2013,06:41:48,3.696,98.100,3.4,9.312,0.1964
14-03-2013,07:41:49,3.248,98.300,3.0,8.519,0.1964
14-03-2013,08:41:50,9.558,99.500,9.5,8.319,0.1964
14-03-2013,09:41:51,14.673,99.100,14.6,9.977,0.1957
14-03-2013,10:41:52,17.130,86.800,14.9,12.001,0.1957
14-03-2013,11:41:53,20.817,71.800,15.6,14.409,0.1964
14-03-2013,12:41:54,18.414,67.500,12.3,17.439,0.1971
14-03-2013,13:41:55,22.417,69.000,16.5,18.818,0.1971
14-03-2013,14:41:56,23.424,60.400,15.3,22.274,0.1978
14-03-2013,15:41:57,24.243,58.200,15.5,23.785,0.1978
14-03-2013,16:41:58,24.195,59.600,15.9,24.050,0.1986
14-03-2013,17:41:59,17.558,72.000,12.5,22.058,0.1986
14-03-2013,18:42:00,15.079,81.600,12.0,19.484,0.1978
14-03-2013,19:42:01,12.582,90.400,11.1,17.510,0.1971
14-03-2013,20:42:02,11.929,95.400,11.2,16.106,0.1971
14-03-2013,21:42:03,10.785,96.600,10.3,15.223,0.1964
14-03-2013,22:42:04,10.467,97.600,10.1,14.529,0.1964
14-03-2013,23:42:05,10.541,98.100,10.3,13.978,0.1957
15-03-2013,00:42:06,7.895,96.900,7.4,13.377,0.1957
15-03-2013,01:42:07,3.459,93.500,2.5,11.419,0.1949
15-03-2013,02:42:08,1.289,93.300,0.3,9.780,0.1949
15-03-2013,03:42:09,0.907,94.800,0.2,8.717,0.1942
15-03-2013,04:42:10,5.642,98.200,5.4,8.120,0.1942
15-03-2013,05:42:11,5.488,99.800,5.5,8.593,0.1935
15-03-2013,06:42:12,6.737,99.900,6.7,8.568,0.1935
15-03-2013,07:42:13,6.990,98.400,6.8,8.792,0.1928
15-03-2013,08:42:14,9.977,98.900,9.8,9.015,0.1928
15-03-2013,09:42:15,14.745,90.600,13.2,10.026,0.1928
15-03-2013,10:42:16,17.938,77.200,13.9,11.492,0.1928
15-03-2013,11:42:17,20.031,70.400,14.5,14.026,0.1928
15-03-2013,12:42:18,22.106,64.800,15.2,17.368,0.1935
15-03-2013,13:42:19,22.992,61.300,15.2,20.722,0.1942
15-03-2013,14:42:20,24.098,56.700,15.0,22.920,0.1942
15-03-2013,15:42:21,24.871,53.800,14.9,24.122,0.1949
15-03-2013,16:42:22,23.930,53.100,13.8,24.074,0.1949
15-03-2013,17:42:23,22.345,53.300,12.4,22.585,0.1949
15-03-2013,18:42:24,18.295,56.100,9.4,20.436,0.1942
15-03-2013,19:42:25,11.783,76.200,7.7,17.629,0.1935
15-03-2013,20:42:26,11.589,84.400,9.1,15.700,0.1928
15-03-2013,21:42:27,10.712,85.700,8.4,14.625,0.1920
15-03-2013,22:42:28,10.736,85.300,8.4,13.810,0.1920
15-03-2013,23:42:29,10.883,86.700,8.8,13.209,0.1913
16-03-2013,00:42:30,10.124,85.000,7.7,12.823,0.1913
16-03-2013,01:42:31,11.321,81.600,8.3,12.292,0.1913
16-03-2013,02:42:32,11.613,76.500,7.6,12.219,0.1906
16-03-2013,03:42:33,11.200,74.900,6.9,12.050,0.1906
16-03-2013,04:42:34,10.492,75.200,6.3,11.686,0.1906
16-03-2013,05:42:35,9.608,77.700,5.9,11.175,0.1906
16-03-2013,06:42:36,9.262,78.100,5.7,10.712,0.1899
16-03-2013,07:42:37,8.717,73.600,4.3,10.345,0.1899
16-03-2013,08:42:38,8.020,75.500,4.0,10.124,0.1899
16-03-2013,09:42:39,13.858,64.700,7.3,10.296,0.1891
16-03-2013,10:42:40,16.082,53.100,6.5,12.074,0.1891
16-03-2013,11:42:41,18.414,58.700,10.2,14.553,0.1891
16-03-2013,12:42:42,10.467,70.500,5.3,14.745,0.1891
16-03-2013,13:42:43,12.703,64.900,6.3,13.497,0.1891
16-03-2013,14:42:44,7.945,76.500,4.1,13.185,0.1891
16-03-2013,15:42:45,8.792,95.400,8.1,11.613,0.1884
16-03-2013,16:42:46,10.858,90.900,9.4,13.449,0.1884
16-03-2013,17:42:47,9.879,86.900,7.8,13.522,0.1884
16-03-2013,18:42:48,7.619,93.100,6.6,11.856,0.1884
16-03-2013,19:42:49,7.015,96.700,6.5,10.418,0.1877
16-03-2013,20:42:50,6.535,97.800,6.2,9.731,0.1877
16-03-2013,21:42:51,6.458,98.300,6.2,9.361,0.1877
16-03-2013,22:42:52,5.179,98.600,5.0,9.163,0.1877
16-03-2013,23:42:53,3.512,98.800,3.3,8.593,0.1870
17-03-2013,00:42:54,3.274,99.200,3.2,7.720,0.1862
17-03-2013,01:42:55,1.886,98.900,1.7,7.167,0.1862
17-03-2013,02:42:56,1.778,99.200,1.7,6.484,0.1862
17-03-2013,03:42:57,1.588,99.100,1.5,5.898,0.1855
17-03-2013,04:42:58,1.099,99.000,1.0,5.565,0.1855
17-03-2013,05:42:59,-0.339,98.400,-0.6,5.024,0.1848
17-03-2013,06:43:00,-1.929,96.800,-2.4,4.220,0.1848
17-03-2013,07:43:01,-2.189,96.000,-2.7,3.354,0.1848
17-03-2013,08:43:02,-0.817,96.700,-1.3,2.956,0.1840
17-03-2013,09:43:03,2.450,95.300,1.8,3.221,0.1833
17-03-2013,10:43:04,5.539,93.100,4.5,5.411,0.1833
17-03-2013,11:43:05,9.064,87.000,7.0,8.070,0.1840
17-03-2013,12:43:06,10.173,85.500,7.9,9.731,0.1840
17-03-2013,13:43:07,13.473,77.500,9.6,11.540,0.1840
17-03-2013,14:43:08,10.345,72.900,5.7,13.088,0.1848
17-03-2013,15:43:09,9.361,76.100,5.4,12.461,0.1848
17-03-2013,16:43:10,9.509,78.200,5.9,11.589,0.1855
17-03-2013,17:43:11,6.051,77.100,2.3,11.151,0.1855
17-03-2013,18:43:12,5.514,82.900,2.8,9.879,0.1855
17-03-2013,19:43:13,0.163,88.300,-1.5,8.070,0.1855
17-03-2013,20:43:14,-0.088,94.900,-0.8,6.230,0.1848
17-03-2013,21:43:15,0.079,97.600,-0.3,5.308,0.1840
17-03-2013,22:43:16,-0.563,97.900,-0.9,4.636,0.1840
17-03-2013,23:43:17,0.687,98.400,0.5,4.168,0.1840
18-03-2013,00:43:18,1.153,98.400,0.9,4.402,0.1833
18-03-2013,01:43:19,1.262,98.000,1.0,4.558,0.1833
18-03-2013,02:43:20,0.962,98.400,0.7,4.610,0.1833
18-03-2013,03:43:21,1.208,98.800,1.0,4.532,0.1826
18-03-2013,04:43:22,1.344,99.400,1.3,4.376,0.1826
18-03-2013,05:43:23,1.859,99.800,1.8,4.506,0.1826
18-03-2013,06:43:24,2.182,100.000,2.2,4.714,0.1819
18-03-2013,07:43:25,2.584,100.000,2.6,4.869,0.1819
18-03-2013,08:43:26,4.402,100.000,4.4,5.334,0.1819
18-03-2013,09:43:27,5.488,99.400,5.4,6.382,0.1819
18-03-2013,10:43:28,8.045,97.600,7.7,7.695,0.1826
18-03-2013,11:43:29,15.055,87.200,13.0,9.829,0.1826
18-03-2013,12:43:30,17.796,71.600,12.6,12.534,0.1826
18-03-2013,13:43:31,18.818,62.400,11.5,15.485,0.1833
18-03-2013,14:43:32,22.034,57.200,13.2,18.247,0.1840
18-03-2013,15:43:33,23.280,58.400,14.7,18.461,0.1848
18-03-2013,16:43:34,15.485,59.800,7.7,17.796,0.1855
18-03-2013,17:43:35,16.082,57.300,7.7,16.654,0.1855
18-03-2013,18:43:36,11.856,62.800,5.0,14.529,0.1855
18-03-2013,19:43:37,2.850,75.600,-1.0,11.662,0.1855
18-03-2013,20:43:38,0.660,87.000,-1.3,9.114,0.1848
18-03-2013,21:43:39,-0.032,91.000,-1.3,7.444,0.1848
18-03-2013,22:43:40,-0.199,93.900,-1.1,6.357,0.1840
18-03-2013,23:43:41,-0.986,93.000,-2.0,5.539,0.1833
19-03-2013,00:43:42,2.316,96.200,1.8,5.205,0.1826
19-03-2013,01:43:43,3.433,98.900,3.3,5.975,0.1819
19-03-2013,02:43:44,3.063,98.200,2.8,6.204,0.1826
19-03-2013,03:43:45,-0.088,96.100,-0.6,5.847,0.1819
19-03-2013,04:43:46,-2.508,92.900,-3.5,4.610,0.1819
19-03-2013,05:43:47,-3.627,91.300,-4.8,3.538,0.1819
19-03-2013,06:43:48,-3.956,91.100,-5.2,2.823,0.1819
19-03-2013,07:43:49,-2.334,94.000,-3.2,2.396,0.1819
19-03-2013,08:43:50,3.854,99.700,3.8,2.423,0.1804
19-03-2013,09:43:51,9.312,92.000,8.1,3.880,0.1804
19-03-2013,10:43:52,13.257,71.600,8.2,6.077,0.1804
19-03-2013,11:43:53,16.749,60.200,9.0,9.336,0.1811
19-03-2013,12:43:54,18.937,54.300,9.5,13.329,0.1819
19-03-2013,13:43:55,19.389,48.700,8.3,17.748,0.1826
19-03-2013,14:43:56,13.882,58.300,5.8,16.844,0.1840
19-03-2013,15:43:57,13.353,57.100,5.0,16.249,0.1840
19-03-2013,16:43:58,12.654,64.900,6.2,15.055,0.1840
19-03-2013,17:43:59,7.368,91.600,6.1,12.025,0.1782
19-03-2013,18:44:00,8.394,94.300,7.5,11.273,0.1782
19-03-2013,19:44:01,7.469,94.800,6.7,10.932,0.1790
19-03-2013,20:44:02,4.141,95.200,3.4,9.928,0.1790
19-03-2013,21:44:03,3.406,97.400,3.0,8.494,0.1782
19-03-2013,22:44:04,1.697,95.700,1.1,7.293,0.1782
19-03-2013,23:44:05,1.967,97.300,1.6,6.382,0.1775
20-03-2013,00:44:06,1.886,99.100,1.8,5.949,0.1775
20-03-2013,01:44:07,1.778,98.300,1.5,5.539,0.1775
20-03-2013,02:44:08,2.101,99.000,2.0,5.205,0.1768
20-03-2013,03:44:09,2.021,99.000,1.9,4.999,0.1768
20-03-2013,04:44:10,2.182,98.700,2.0,4.688,0.1768
20-03-2013,05:44:11,2.155,98.000,1.9,4.480,0.1761
20-03-2013,06:44:12,2.047,97.500,1.7,4.350,0.1761
20-03-2013,07:44:13,2.637,97.200,2.2,4.220,0.1761
20-03-2013,08:44:14,4.818,97.700,4.5,4.532,0.1761
20-03-2013,09:44:15,8.469,91.800,7.2,5.437,0.1761
20-03-2013,10:44:16,12.944,79.100,9.4,6.914,0.1761
20-03-2013,11:44:17,13.642,70.100,8.3,9.361,0.1768
20-03-2013,12:44:18,12.050,69.700,6.7,11.175,0.1782
20-03-2013,13:44:19,13.377,68.800,7.8,12.509,0.1790
20-03-2013,14:44:20,11.880,69.000,6.4,12.364,0.1790
20-03-2013,15:44:21,18.794,56.200,9.9,14.529,0.1797
20-03-2013,16:44:22,16.558,54.900,7.5,15.676,0.1804
20-03-2013,17:44:23,13.546,65.400,7.2,13.954,0.1804
20-03-2013,18:44:24,11.856,71.100,6.8,12.437,0.1804
20-03-2013,19:44:25,7.469,84.200,5.0,10.907,0.1804
20-03-2013,20:44:26,6.204,91.900,5.0,9.534,0.1804
20-03-2013,21:44:27,8.020,91.600,6.7,8.693,0.1797
20-03-2013,22:44:28,9.139,88.500,7.3,8.643,0.1797
20-03-2013,23:44:29,8.170,90.900,6.8,8.866,0.1797
21-03-2013,00:44:30,8.045,96.700,7.6,8.668,0.1797
21-03-2013,01:44:31,8.344,99.700,8.3,8.767,0.1797
21-03-2013,02:44:32,8.792,100.000,8.8,8.941,0.1797
21-03-2013,03:44:33,8.717,100.000,8.7,9.064,0.1739
21-03-2013,04:44:34,8.494,100.000,8.5,9.089,0.1732
21-03-2013,05:44:35,8.394,100.000,8.4,9.015,0.1790
21-03-2013,06:44:36,8.220,100.000,8.2,8.941,0.1797
21-03-2013,07:44:37,8.070,100.000,8.1,8.866,0.1790
21-03-2013,08:44:38,8.070,100.000,8.1,8.693,0.2480
21-03-2013,09:44:39,7.970,100.000,8.0,8.494,0.2974
21-03-2013,10:44:40,7.920,100.000,7.9,8.295,0.3220
21-03-2013,11:44:41,7.770,100.000,7.8,8.295,0.3032
21-03-2013,12:44:42,8.095,100.000,8.1,8.444,0.3228
21-03-2013,13:44:43,8.369,100.000,8.4,8.469,0.3315
21-03-2013,14:44:44,8.494,100.000,8.5,8.717,0.3315
21-03-2013,15:44:45,8.767,100.000,8.8,8.866,0.3526
21-03-2013,16:44:46,8.792,100.000,8.8,8.891,0.3489
21-03-2013,17:44:47,8.916,100.000,8.9,8.965,0.3526
21-03-2013,18:44:48,9.089,100.000,9.1,9.040,0.3206
21-03-2013,19:44:49,9.361,100.000,9.4,9.089,0.2944
21-03-2013,20:44:50,9.089,100.000,9.1,9.163,0.2865
21-03-2013,21:44:51,8.145,100.000,8.2,6.458,0.3199
21-03-2013,22:44:52,7.995,100.000,8.0,7.619,0.2944
21-03-2013,23:44:53,6.965,100.000,7.0,7.820,0.2850
22-03-2013,00:44:54,6.357,100.000,6.4,7.494,0.2792
22-03-2013,01:44:55,5.949,99.900,5.9,7.217,0.2748
22-03-2013,02:44:56,5.411,100.000,5.4,6.990,0.2727
22-03-2013,03:44:57,4.895,100.000,4.9,6.737,0.2698
22-03-2013,04:44:58,4.584,100.000,4.6,6.382,0.2683
22-03-2013,05:44:59,4.272,100.000,4.3,6.051,0.2683
22-03-2013,06:45:00,3.722,100.000,3.7,5.693,0.2661
22-03-2013,07:45:01,4.168,100.000,4.2,5.539,0.2639
22-03-2013,08:45:02,4.376,100.000,4.4,5.693,0.2632
22-03-2013,09:45:03,5.565,99.600,5.5,6.051,0.2625
22-03-2013,10:45:04,6.940,98.200,6.7,6.839,0.2618
22-03-2013,11:45:05,7.066,94.800,6.3,7.645,0.2610
22-03-2013,12:45:06,7.645,94.300,6.8,8.245,0.2610
22-03-2013,13:45:07,9.879,91.000,8.5,8.990,0.2603
22-03-2013,14:45:08,10.271,86.400,8.1,10.222,0.2603
22-03-2013,15:45:09,11.175,83.300,8.5,10.590,0.2596
22-03-2013,16:45:10,8.693,84.800,6.3,10.687,0.2596
22-03-2013,17:45:11,6.990,90.700,5.6,9.485,0.2589
22-03-2013,18:45:12,6.357,95.700,5.7,8.419,0.2581
22-03-2013,19:45:13,5.693,96.900,5.2,7.745,0.2581
22-03-2013,20:45:14,5.360,97.100,4.9,7.142,0.2567
22-03-2013,21:45:15,4.844,93.100,3.8,6.839,0.2560
22-03-2013,22:45:16,5.102,98.900,4.9,6.433,0.2545
22-03-2013,23:45:17,4.999,99.000,4.9,6.535,0.2545
23-03-2013,00:45:18,4.947,97.700,4.6,6.458,0.2545
23-03-2013,01:45:19,4.869,98.600,4.7,6.408,0.2538
23-03-2013,02:45:20,4.376,99.300,4.3,6.331,0.2530
23-03-2013,03:45:21,3.932,99.200,3.8,6.102,0.2530
23-03-2013,04:45:22,3.512,99.400,3.4,5.719,0.2523
23-03-2013,05:45:23,3.485,100.000,3.5,5.488,0.2530
23-03-2013,06:45:24,3.301,100.000,3.3,5.411,0.2523
23-03-2013,07:45:25,3.142,99.900,3.1,5.257,0.2516
23-03-2013,08:45:26,4.558,98.800,4.4,5.231,0.2516
23-03-2013,09:45:27,6.914,91.500,5.6,5.821,0.2516
23-03-2013,10:45:28,9.336,85.600,7.1,6.687,0.2516
23-03-2013,11:45:29,10.247,81.600,7.2,8.369,0.2516
23-03-2013,12:45:30,10.932,80.100,7.6,9.977,0.2516
23-03-2013,13:45:31,12.678,76.200,8.6,11.589,0.2516
23-03-2013,14:45:32,12.316,80.100,9.0,11.880,0.2516
23-03-2013,15:45:33,10.834,82.600,8.0,11.662,0.2516
23-03-2013,16:45:34,9.287,83.700,6.7,11.127,0.2516
23-03-2013,17:45:35,9.213,82.700,6.4,10.663,0.2509
23-03-2013,18:45:36,7.368,84.400,4.9,10.320,0.2509
23-03-2013,19:45:37,5.282,91.800,4.1,8.916,0.2509
23-03-2013,20:45:38,4.350,97.500,4.0,7.720,0.2501
23-03-2013,21:45:39,3.722,99.100,3.6,6.914,0.2494
23-03-2013,22:45:40,3.116,97.400,2.7,6.204,0.2494
23-03-2013,23:45:41,4.089,99.900,4.1,5.949,0.2487
24-03-2013,00:45:42,4.376,99.800,4.3,5.872,0.2480
24-03-2013,01:45:43,3.958,100.000,4.0,5.770,0.2480
24-03-2013,02:45:44,4.636,100.000,4.6,5.668,0.2480
24-03-2013,03:45:45,4.636,99.600,4.6,5.668,0.2472
24-03-2013,04:45:46,4.558,99.600,4.5,5.616,0.2472
24-03-2013,05:45:47,4.766,99.500,4.7,5.565,0.2472
24-03-2013,06:45:48,5.231,98.800,5.1,5.565,0.2472
24-03-2013,07:45:49,5.360,98.200,5.1,5.668,0.2472
24-03-2013,08:45:50,6.864,95.900,6.3,6.281,0.2472
24-03-2013,09:45:51,7.368,92.800,6.3,6.914,0.2472
24-03-2013,10:45:52,10.222,87.600,8.3,7.494,0.2472
24-03-2013,11:45:53,10.614,84.800,8.2,8.717,0.2465
24-03-2013,12:45:54,12.558,78.500,8.9,9.756,0.2472
24-03-2013,13:45:55,12.847,73.500,8.2,11.078,0.2480
24-03-2013,14:45:56,11.734,71.800,6.8,11.613,0.2472
24-03-2013,15:45:57,14.649,68.300,8.9,12.122,0.2480
24-03-2013,16:45:58,13.570,67.700,7.7,12.582,0.2472
24-03-2013,17:45:59,10.320,72.700,5.6,11.686,0.2472
24-03-2013,18:46:00,9.509,76.000,5.5,10.394,0.2472
24-03-2013,19:46:01,7.393,83.400,4.8,9.139,0.2465
24-03-2013,20:46:02,6.281,89.000,4.6,8.220,0.2465
24-03-2013,21:46:03,5.975,93.000,4.9,7.670,0.2458
24-03-2013,22:46:04,5.847,94.200,5.0,7.293,0.2458
24-03-2013,23:46:05,4.818,96.700,4.3,6.864,0.2451
25-03-2013,00:46:06,3.354,96.600,2.9,6.458,0.2451
25-03-2013,01:46:07,2.557,98.100,2.3,5.924,0.2451
25-03-2013,02:46:08,2.717,99.600,2.7,5.488,0.2443
25-03-2013,03:46:09,3.906,99.800,3.9,5.231,0.2443
25-03-2013,04:46:10,5.308,99.600,5.3,5.282,0.2443
25-03-2013,05:46:11,3.985,99.400,3.9,5.411,0.2443
25-03-2013,06:46:12,5.565,99.400,5.5,5.462,0.2436
25-03-2013,07:46:13,5.796,99.100,5.7,5.668,0.2443
25-03-2013,08:46:14,8.070,98.000,7.8,6.026,0.2436
25-03-2013,09:46:15,10.736,92.200,9.5,6.914,0.2443
25-03-2013,10:46:16,13.978,82.500,11.1,8.344,0.2443
25-03-2013,11:46:17,14.433,74.000,9.9,10.663,0.2443
25-03-2013,12:46:18,17.463,69.900,11.9,12.799,0.2451
25-03-2013,13:46:19,18.390,65.100,11.7,14.912,0.2451
25-03-2013,14:46:20,19.603,61.900,12.1,16.415,0.2458
25-03-2013,15:46:21,18.366,61.700,10.9,17.296,0.2472
25-03-2013,16:46:22,19.770,63.000,12.5,16.987,0.2458
25-03-2013,17:46:23,14.697,67.100,8.7,15.891,0.2458
25-03-2013,18:46:24,12.775,75.600,8.6,13.882,0.2451
25-03-2013,19:46:25,4.973,80.000,1.8,11.880,0.2451
25-03-2013,20:46:26,6.509,93.100,5.5,10.051,0.2443
25-03-2013,21:46:27,7.619,96.200,7.1,9.460,0.2436
25-03-2013,22:46:28,8.145,95.100,7.4,9.188,0.2436
25-03-2013,23:46:29,8.394,94.000,7.5,8.965,0.2436
26-03-2013,00:46:30,8.444,92.900,7.4,8.916,0.2436
26-03-2013,01:46:31,8.543,91.600,7.3,8.792,0.2429
26-03-2013,02:46:32,8.990,89.400,7.3,8.742,0.2429
26-03-2013,03:46:33,8.792,88.900,7.1,8.792,0.2429
26-03-2013,04:46:34,9.361,86.100,7.2,8.717,0.2422
26-03-2013,05:46:35,9.163,84.800,6.7,8.693,0.2429
26-03-2013,06:46:36,9.262,85.200,6.9,8.618,0.2422
26-03-2013,07:46:37,8.965,85.000,6.6,8.543,0.2429
26-03-2013,08:46:38,9.632,83.900,7.1,8.419,0.2429
26-03-2013,09:46:39,14.170,76.600,10.1,8.866,0.2422
26-03-2013,10:46:40,15.676,70.400,10.3,9.928,0.2422
26-03-2013,11:46:41,17.201,68.500,11.4,11.467,0.2429
26-03-2013,12:46:42,18.747,66.400,12.4,13.762,0.2429
26-03-2013,13:46:43,19.603,64.000,12.6,16.129,0.2429
26-03-2013,14:46:44,18.105,62.800,10.9,17.772,0.2436
26-03-2013,15:46:45,20.841,62.100,13.3,18.105,0.2436
26-03-2013,16:46:46,18.652,60.400,10.9,18.010,0.2436
26-03-2013,17:46:47,17.439,61.800,10.1,17.011,0.2443
26-03-2013,18:46:48,13.618,69.200,8.1,15.223,0.2436
26-03-2013,19:46:49,9.977,84.100,7.4,13.329,0.2429
26-03-2013,20:46:50,9.064,91.100,7.7,12.001,0.2429
26-03-2013,21:46:51,10.590,85.200,8.2,11.273,0.2422
26-03-2013,22:46:52,11.029,79.300,7.6,10.883,0.2422
26-03-2013,23:46:53,11.248,76.500,7.3,10.565,0.2414
27-03-2013,00:46:54,10.980,75.400,6.8,10.320,0.2414
27-03-2013,01:46:55,11.516,73.600,7.0,10.149,0.2422
27-03-2013,02:46:56,11.565,70.900,6.5,10.075,0.2414
27-03-2013,03:46:57,10.687,75.200,6.5,9.952,0.2414
27-03-2013,04:46:58,10.124,77.300,6.3,9.682,0.2414
27-03-2013,05:46:59,10.761,77.700,7.0,9.558,0.2414
27-03-2013,06:47:00,10.638,81.800,7.7,9.608,0.2407
27-03-2013,07:47:01,10.785,87.100,8.7,9.657,0.2414
27-03-2013,08:47:02,12.268,89.000,10.5,9.903,0.2414
27-03-2013,09:47:03,14.792,84.600,12.2,10.541,0.2422
27-03-2013,10:47:04,15.414,81.000,12.2,11.443,0.2422
27-03-2013,11:47:05,16.010,82.500,13.0,12.920,0.2414
27-03-2013,12:47:06,19.127,78.000,15.2,14.409,0.2414
27-03-2013,13:47:07,20.174,72.000,15.0,16.296,0.2422
27-03-2013,14:47:08,19.912,69.900,14.3,17.344,0.2422
27-03-2013,15:47:09,20.650,69.100,14.8,17.796,0.2422
27-03-2013,16:47:10,20.269,66.200,13.8,17.724,0.2422
27-03-2013,17:47:11,18.842,64.500,12.0,16.963,0.2422
27-03-2013,18:47:12,16.010,69.500,10.5,15.557,0.2414
27-03-2013,19:47:13,15.151,75.000,10.8,14.266,0.2414
27-03-2013,20:47:14,15.509,76.300,11.4,13.618,0.2422
27-03-2013,21:47:15,13.281,91.500,11.9,13.449,0.2363
27-03-2013,22:47:16,13.329,100.000,13.3,13.353,0.3010
27-03-2013,23:47:17,13.377,100.000,13.4,13.353,0.2981
28-03-2013,00:47:18,13.570,100.000,13.6,13.305,0.2843
28-03-2013,01:47:19,13.449,100.000,13.5,13.257,0.2777
28-03-2013,02:47:20,13.522,100.000,13.5,13.209,0.2741
28-03-2013,03:47:21,13.522,100.000,13.5,13.185,0.2712
28-03-2013,04:47:22,13.233,100.000,13.2,13.161,0.2770
28-03-2013,05:47:23,13.161,100.000,13.2,13.137,0.3170
28-03-2013,06:47:24,13.377,100.000,13.4,13.137,0.3184
28-03-2013,07:47:25,13.329,100.000,13.3,13.185,0.3380
28-03-2013,08:47:26,13.377,100.000,13.4,13.281,0.3852
28-03-2013,09:47:27,12.122,100.000,12.1,13.064,0.3700
28-03-2013,10:47:28,11.783,100.000,11.8,12.703,0.3293
28-03-2013,11:47:29,11.953,100.000,12.0,12.871,0.3191
28-03-2013,12:47:30,11.053,100.000,11.1,12.727,0.3257
28-03-2013,13:47:31,9.879,100.000,9.9,12.195,0.3300
28-03-2013,14:47:32,9.238,100.000,9.2,11.589,0.3075
28-03-2013,15:47:33,7.041,100.000,7.0,11.346,0.2952
28-03-2013,16:47:34,5.616,99.700,5.6,10.443,0.2879
28-03-2013,17:47:35,5.154,98.800,5.0,9.657,0.2836
28-03-2013,18:47:36,4.454,97.900,4.2,8.990,0.2792
28-03-2013,19:47:37,4.324,98.900,4.2,8.170,0.2770
28-03-2013,20:47:38,3.142,100.000,3.1,7.368,0.2806
28-03-2013,21:47:39,2.450,100.000,2.4,6.712,0.2792
28-03-2013,22:47:40,0.301,99.500,0.2,6.128,0.2785
28-03-2013,23:47:41,-0.648,98.000,-0.9,5.257,0.2763
29-03-2013,00:47:42,-1.128,96.000,-1.7,4.844,0.2741
29-03-2013,01:47:43,-2.508,96.300,-3.0,4.428,0.2719
29-03-2013,02:47:44,-2.305,97.000,-2.7,4.037,0.2705
29-03-2013,03:47:45,-1.613,98.100,-1.9,3.749,0.2698
29-03-2013,04:47:46,-1.384,99.100,-1.5,3.670,0.2683
29-03-2013,05:47:47,-1.670,98.900,-1.8,3.512,0.2676
29-03-2013,06:47:48,-1.413,99.200,-1.5,3.327,0.2661
29-03-2013,07:47:49,-1.043,99.800,-1.1,3.195,0.2654
29-03-2013,08:47:50,0.051,99.200,-0.1,3.221,0.2647
29-03-2013,09:47:51,6.000,96.300,5.5,3.459,0.2639
29-03-2013,10:47:52,12.268,84.200,9.7,4.895,0.2632
29-03-2013,11:47:53,16.654,71.900,11.6,8.195,0.2639
29-03-2013,12:47:54,18.747,64.300,11.9,12.025,0.2639
29-03-2013,13:47:55,21.963,59.500,13.7,15.557,0.2639
29-03-2013,14:47:56,23.713,55.200,14.2,18.247,0.2639
29-03-2013,15:47:57,21.628,53.900,11.9,19.389,0.2639
29-03-2013,16:47:58,19.413,56.900,10.7,19.341,0.2632
29-03-2013,17:47:59,20.770,58.200,12.3,17.938,0.2625
29-03-2013,18:48:00,10.785,65.800,4.7,15.867,0.2618
29-03-2013,19:48:01,4.402,81.900,1.6,12.775,0.2610
29-03-2013,20:48:02,3.485,86.500,1.4,10.663,0.2596
29-03-2013,21:48:03,5.282,91.600,4.0,9.509,0.2589
29-03-2013,22:48:04,1.317,90.300,-0.1,8.693,0.2581
29-03-2013,23:48:05,1.180,93.800,0.3,7.469,0.2574
30-03-2013,00:48:06,3.168,97.600,2.8,6.914,0.2574
30-03-2013,01:48:07,2.477,97.300,2.1,6.636,0.2560
30-03-2013,02:48:08,2.343,98.000,2.1,6.306,0.2552
30-03-2013,03:48:09,3.063,97.900,2.8,5.949,0.2552
30-03-2013,04:48:10,3.221,99.000,3.1,5.796,0.2545
30-03-2013,05:48:11,2.717,99.000,2.6,5.616,0.2552
30-03-2013,06:48:12,0.687,95.300,0.0,5.282,0.2538
30-03-2013,07:48:13,2.047,95.800,1.4,4.921,0.2538
30-03-2013,08:48:14,4.272,92.100,3.1,4.921,0.2538
30-03-2013,09:48:15,8.145,87.800,6.3,5.437,0.2538
30-03-2013,10:48:16,11.929,75.100,7.7,6.661,0.2530
30-03-2013,11:48:17,14.481,68.400,8.7,8.990,0.2538
30-03-2013,12:48:18,12.606,62.700,5.7,11.662,0.2538
30-03-2013,13:48:19,13.834,62.700,6.9,13.281,0.2545
30-03-2013,14:48:20,14.864,67.900,9.0,14.433,0.2538
30-03-2013,15:48:21,13.449,74.500,9.0,14.673,0.2545
30-03-2013,16:48:22,9.139,80.100,5.9,13.546,0.2538
30-03-2013,17:48:23,7.242,88.500,5.5,11.783,0.2530
30-03-2013,18:48:24,6.661,92.300,5.5,10.467,0.2530
30-03-2013,19:48:25,6.102,95.800,5.5,9.706,0.2523
30-03-2013,20:48:26,5.179,98.200,4.9,8.965,0.2523
30-03-2013,21:48:27,6.737,93.700,5.8,8.295,0.2516
30-03-2013,22:48:28,4.740,94.200,3.9,7.945,0.2509
30-03-2013,23:48:29,5.282,99.400,5.2,7.720,0.2509
31-03-2013,00:48:30,5.411,100.000,5.4,7.619,0.2501
31-03-2013,01:48:31,5.642,100.000,5.6,7.519,0.2501
31-03-2013,02:48:32,5.565,100.000,5.6,7.469,0.2494
31-03-2013,03:48:33,5.462,100.000,5.5,7.393,0.2494
31-03-2013,04:48:34,5.514,100.000,5.5,7.293,0.2494
31-03-2013,05:48:35,5.591,100.000,5.6,7.268,0.2494
31-03-2013,06:48:36,5.770,100.000,5.8,7.293,0.2487
31-03-2013,07:48:37,5.898,100.000,5.9,7.318,0.2480
31-03-2013,08:48:38,6.585,100.000,6.6,7.469,0.2480
31-03-2013,09:48:39,8.145,100.000,8.2,8.095,0.2480
31-03-2013,10:48:40,7.870,100.000,7.9,9.336,0.2480
31-03-2013,11:48:41,8.767,100.000,8.8,9.829,0.2487
31-03-2013,12:48:42,9.731,98.500,9.5,10.369,0.2487
31-03-2013,13:48:43,11.832,91.300,10.5,11.200,0.2494
31-03-2013,14:48:44,14.314,78.600,10.7,13.497,0.2494
31-03-2013,15:48:45,10.173,76.000,6.1,14.314,0.2501
31-03-2013,16:48:46,9.114,82.500,6.3,12.775,0.2501
31-03-2013,17:48:47,8.841,83.300,6.2,11.977,0.2501
31-03-2013,18:48:48,7.293,89.300,5.7,10.883,0.2494
31-03-2013,19:48:49,6.864,94.400,6.0,10.001,0.2494
31-03-2013,20:48:50,6.611,95.000,5.9,9.361,0.2487
31-03-2013,21:48:51,2.316,92.100,1.2,8.543,0.2487
31-03-2013,22:48:52,0.852,93.800,-0.0,7.091,0.2480
31-03-2013,23:48:53,0.605,95.300,-0.1,6.153,0.2480
01-04-2013,00:48:54,0.550,97.700,0.2,5.616,0.2480
01-04-2013,01:48:55,0.107,97.300,-0.3,5.179,0.2472
01-04-2013,02:48:56,2.101,99.900,2.1,4.844,0.2472
01-04-2013,03:48:57,2.956,100.000,3.0,4.844,0.2465
01-04-2013,04:48:58,3.089,99.900,3.1,4.947,0.2458
01-04-2013,05:48:59,2.983,99.400,2.9,4.869,0.2458
01-04-2013,06:49:00,2.530,99.300,2.4,4.766,0.2458
01-04-2013,07:49:01,2.047,99.800,2.0,4.610,0.2458
01-04-2013,08:49:02,4.324,99.900,4.3,4.584,0.2458
01-04-2013,09:49:03,7.720,95.900,7.1,5.205,0.2458
01-04-2013,10:49:04,9.903,88.900,8.2,6.357,0.2465
01-04-2013,11:49:05,10.736,82.600,7.9,8.045,0.2458
01-04-2013,12:49:06,13.738,76.000,9.6,10.418,0.2465
01-04-2013,13:49:07,13.666,72.700,8.9,12.630,0.2472
01-04-2013,14:49:08,14.385,73.700,9.8,13.209,0.2472
01-04-2013,15:49:09,14.361,71.600,9.3,13.978,0.2480
01-04-2013,16:49:10,14.361,70.400,9.1,14.050,0.2480
01-04-2013,17:49:11,10.443,74.400,6.1,13.377,0.2480
01-04-2013,18:49:12,5.693,89.800,4.2,11.053,0.2472
01-04-2013,19:49:13,4.921,96.500,4.4,9.312,0.2465
01-04-2013,20:49:14,2.262,97.000,1.8,8.220,0.2465
01-04-2013,21:49:15,3.591,97.500,3.2,7.167,0.2458
01-04-2013,22:49:16,2.983,99.800,3.0,6.813,0.2458
01-04-2013,23:49:17,2.047,99.700,2.0,6.281,0.2451
02-04-2013,00:49:18,1.480,99.500,1.4,5.745,0.2443
02-04-2013,01:49:19,2.717,99.200,2.6,5.514,0.2443
02-04-2013,02:49:20,2.637,99.700,2.6,5.770,0.2451
02-04-2013,03:49:21,2.423,98.900,2.3,5.668,0.2443
02-04-2013,04:49:22,4.037,99.100,3.9,5.719,0.2443
02-04-2013,05:49:23,2.797,93.600,1.9,5.616,0.2443
02-04-2013,06:49:24,1.017,93.900,0.1,5.205,0.2443
02-04-2013,07:49:25,1.588,98.200,1.3,4.740,0.2436
02-04-2013,08:49:26,6.077,100.000,6.1,4.844,0.2436
02-04-2013,09:49:27,11.102,95.800,10.5,6.102,0.2436
02-04-2013,10:49:28,14.026,80.800,10.8,7.970,0.2443
02-04-2013,11:49:29,16.511,72.100,11.5,10.001,0.2451
02-04-2013,12:49:30,17.201,65.500,10.7,12.485,0.2451
02-04-2013,13:49:31,18.033,62.300,10.7,14.601,0.2458
02-04-2013,14:49:32,17.724,58.700,9.6,16.392,0.2458
02-04-2013,15:49:33,13.762,67.400,7.8,15.485,0.2465
02-04-2013,16:49:34,17.082,66.200,10.7,14.816,0.2458
02-04-2013,17:49:35,10.834,66.900,4.9,14.505,0.2458
02-04-2013,18:49:36,7.569,88.500,5.8,12.243,0.2480
02-04-2013,19:49:37,7.920,94.900,7.2,10.932,0.2458
02-04-2013,20:49:38,6.281,96.300,5.7,10.247,0.2451
02-04-2013,21:49:39,3.827,96.400,3.3,9.163,0.2443
02-04-2013,22:49:40,1.371,94.900,0.6,7.770,0.2443
02-04-2013,23:49:41,0.163,93.100,-0.8,6.611,0.2436
03-04-2013,00:49:42,1.751,97.200,1.4,6.357,0.2429
03-04-2013,01:49:43,2.584,97.400,2.2,6.000,0.2429
03-04-2013,02:49:44,3.459,99.900,3.4,6.382,0.2422
03-04-2013,03:49:45,3.327,99.700,3.3,6.357,0.2422
03-04-2013,04:49:46,2.770,99.300,2.7,6.331,0.2422
03-04-2013,05:49:47,2.047,98.900,1.9,6.153,0.2436
03-04-2013,06:49:48,1.480,98.600,1.3,5.821,0.2436
03-04-2013,07:49:49,1.126,98.400,0.9,5.488,0.2429
03-04-2013,08:49:50,2.423,99.100,2.3,5.385,0.2429
03-04-2013,09:49:51,5.514,98.200,5.3,6.204,0.2429
03-04-2013,10:49:52,10.100,89.400,8.4,7.670,0.2429
03-04-2013,11:49:53,15.557,67.600,9.6,9.238,0.2429
03-04-2013,12:49:54,19.103,61.100,11.4,12.268,0.2443
03-04-2013,13:49:55,20.841,57.000,12.0,15.294,0.2443
03-04-2013,14:49:56,21.390,55.700,12.2,17.296,0.2451
03-04-2013,15:49:57,20.174,55.300,10.9,17.938,0.2451
03-04-2013,16:49:58,17.510,56.600,8.8,16.987,0.2451
03-04-2013,17:49:59,12.992,62.400,6.0,14.864,0.2451
03-04-2013,18:50:00,5.821,74.700,1.7,12.437,0.2443
03-04-2013,19:50:01,4.558,90.000,3.1,10.712,0.2443
03-04-2013,20:50:02,4.272,92.700,3.2,9.731,0.2436
03-04-2013,21:50:03,4.037,93.900,3.1,9.114,0.2436
03-04-2013,22:50:04,3.722,94.400,2.9,8.618,0.2429
03-04-2013,23:50:05,0.467,93.200,-0.5,8.020,0.2429
04-04-2013,00:50:06,-0.986,91.700,-2.2,6.611,0.2429
04-04-2013,01:50:07,2.530,96.100,2.0,5.719,0.2422
04-04-2013,02:50:08,3.274,97.400,2.9,5.770,0.2422
04-04-2013,03:50:09,3.564,99.200,3.5,5.745,0.2414
04-04-2013,04:50:10,3.827,100.000,3.8,5.796,0.2414
04-04-2013,05:50:11,4.168,100.000,4.2,5.821,0.2414
04-04-2013,06:50:12,5.282,100.000,5.3,5.975,0.2414
04-04-2013,07:50:13,4.921,100.000,4.9,6.382,0.2414
04-04-2013,08:50:14,7.116,99.700,7.1,6.889,0.2414
04-04-2013,09:50:15,8.668,95.200,8.0,7.845,0.2414
04-04-2013,10:50:16,13.233,80.100,9.9,8.941,0.2422
04-04-2013,11:50:17,14.002,69.700,8.6,10.418,0.2422
04-04-2013,12:50:18,18.319,62.600,11.1,12.896,0.2429
04-04-2013,13:50:19,15.581,59.900,7.8,15.318,0.2429
04-04-2013,14:50:20,14.050,73.700,9.4,14.409,0.2436
04-04-2013,15:50:21,14.984,76.600,10.9,13.858,0.2436
04-04-2013,16:50:22,12.678,75.600,8.5,13.882,0.2436
04-04-2013,17:50:23,11.419,82.700,8.6,12.920,0.2436
04-04-2013,18:50:24,9.262,87.100,7.2,11.953,0.2436
04-04-2013,19:50:25,6.611,91.000,5.3,10.712,0.2429
04-04-2013,20:50:26,1.859,89.000,0.2,9.114,0.2429
04-04-2013,21:50:27,0.522,91.600,-0.7,7.519,0.2422
04-04-2013,22:50:28,0.356,92.300,-0.7,6.535,0.2414
04-04-2013,23:50:29,-0.760,91.600,-2.0,5.847,0.2414
05-04-2013,00:50:30,-0.676,94.500,-1.5,5.308,0.2414
05-04-2013,01:50:31,-1.470,92.800,-2.5,4.792,0.2407
05-04-2013,02:50:32,0.907,98.000,0.6,4.454,0.2400
05-04-2013,03:50:33,4.037,100.000,4.0,4.740,0.2400
05-04-2013,04:50:34,1.859,98.500,1.6,5.076,0.2400
05-04-2013,05:50:35,1.180,98.500,1.0,4.636,0.2400
05-04-2013,06:50:36,0.135,98.700,-0.0,4.376,0.2400
05-04-2013,07:50:37,0.024,97.200,-0.4,3.854,0.2400
05-04-2013,08:50:38,2.770,99.600,2.7,3.696,0.2392
05-04-2013,09:50:39,10.492,99.100,10.4,4.714,0.2392
05-04-2013,10:50:40,15.247,82.100,12.2,7.569,0.2400
05-04-2013,11:50:41,12.968,65.400,6.6,10.516,0.2400
05-04-2013,12:50:42,13.786,70.500,8.5,11.078,0.2407
05-04-2013,13:50:43,12.678,71.100,7.6,11.832,0.2407
05-04-2013,14:50:44,13.137,74.300,8.7,12.050,0.2414
05-04-2013,15:50:45,14.170,72.700,9.4,12.654,0.2414
05-04-2013,16:50:46,11.710,79.300,8.3,12.243,0.2422
05-04-2013,17:50:47,10.956,83.700,8.3,11.443,0.2414
05-04-2013,18:50:48,8.220,87.300,6.2,10.761,0.2414
05-04-2013,19:50:49,6.408,91.400,5.1,9.509,0.2414
05-04-2013,20:50:50,3.485,91.800,2.3,8.295,0.2414
05-04-2013,21:50:51,2.530,95.100,1.8,7.242,0.2407
05-04-2013,22:50:52,0.577,92.600,-0.5,6.331,0.2400
05-04-2013,23:50:53,0.715,94.600,-0.1,5.668,0.2400
06-04-2013,00:50:54,0.962,96.400,0.5,5.282,0.2400
06-04-2013,01:50:55,1.398,99.000,1.3,5.282,0.2392
06-04-2013,02:50:56,-0.060,96.000,-0.6,4.844,0.2392
06-04-2013,03:50:57,-1.157,94.600,-1.9,4.298,0.2392
06-04-2013,04:50:58,-1.670,94.100,-2.5,3.749,0.2385
06-04-2013,05:50:59,-0.732,94.400,-1.5,3.406,0.2385
06-04-2013,06:51:00,3.958,99.100,3.8,3.854,0.2385
06-04-2013,07:51:01,5.308,100.000,5.3,4.584,0.2385
06-04-2013,08:51:02,6.788,100.000,6.8,5.668,0.2385
06-04-2013,09:51:03,8.767,99.900,8.8,6.687,0.2385
06-04-2013,10:51:04,12.389,89.000,10.6,8.020,0.2385
06-04-2013,11:51:05,9.829,80.800,6.7,9.188,0.2392
06-04-2013,12:51:06,11.346,81.900,8.4,9.361,0.2400
06-04-2013,13:51:07,13.618,75.700,9.4,10.785,0.2400
06-04-2013,14:51:08,11.613,69.700,6.3,12.968,0.2392
06-04-2013,15:51:09,7.293,95.300,6.6,10.736,0.2378
06-04-2013,16:51:10,7.619,97.600,7.3,9.756,0.2378
06-04-2013,17:51:11,6.737,97.400,6.4,9.238,0.2385
06-04-2013,18:51:12,6.357,99.300,6.3,8.742,0.2400
06-04-2013,19:51:13,5.770,98.900,5.6,8.195,0.2472
06-04-2013,20:51:14,5.385,98.600,5.2,7.845,0.2509
06-04-2013,21:51:15,4.921,98.700,4.7,7.619,0.2523
06-04-2013,22:51:16,2.690,97.300,2.3,7.142,0.2530
06-04-2013,23:51:17,1.453,97.000,1.0,6.128,0.2523
07-04-2013,00:51:18,0.962,97.100,0.6,5.437,0.2516
07-04-2013,01:51:19,0.246,97.000,-0.2,4.921,0.2516
07-04-2013,02:51:20,0.190,97.500,-0.2,4.454,0.2509
07-04-2013,03:51:21,0.107,98.100,-0.2,4.115,0.2501
07-04-2013,04:51:22,-0.060,97.800,-0.4,3.801,0.2501
07-04-2013,05:51:23,0.880,99.200,0.8,3.538,0.2494
07-04-2013,06:51:24,1.967,100.000,2.0,3.485,0.2487
07-04-2013,07:51:25,1.615,100.000,1.6,3.512,0.2487
07-04-2013,08:51:26,4.376,100.000,4.4,3.538,0.2487
07-04-2013,09:51:27,10.394,99.700,10.4,4.272,0.2480
07-04-2013,10:51:28,14.433,85.800,12.1,6.077,0.2487
07-04-2013,11:51:29,19.008,70.100,13.5,8.717,0.2494
07-04-2013,12:51:30,20.674,58.800,12.3,12.001,0.2501
07-04-2013,13:51:31,23.905,57.500,15.0,14.361,0.2501
07-04-2013,14:51:32,14.864,57.400,6.5,16.392,0.2501
07-04-2013,15:51:33,22.848,58.600,14.3,15.485,0.2501
07-04-2013,16:51:34,18.985,56.800,10.2,15.581,0.2501
07-04-2013,17:51:35,10.222,75.600,6.1,13.642,0.2501
07-04-2013,18:51:36,7.343,95.600,6.7,11.248,0.2683
07-04-2013,19:51:37,7.569,97.900,7.3,10.394,0.2741
07-04-2013,20:51:38,7.343,98.600,7.1,9.928,0.2712
07-04-2013,21:51:39,4.246,97.400,3.9,9.262,0.2683
07-04-2013,22:51:40,2.021,96.600,1.5,7.920,0.2661
07-04-2013,23:51:41,1.344,97.100,0.9,6.813,0.2639
08-04-2013,00:51:42,0.825,97.100,0.4,6.077,0.2625
08-04-2013,01:51:43,0.467,96.800,0.0,5.514,0.2610
08-04-2013,02:51:44,0.107,96.900,-0.3,4.999,0.2603
08-04-2013,03:51:45,0.384,97.500,0.0,4.558,0.2589
08-04-2013,04:51:46,-0.171,97.000,-0.6,4.272,0.2581
08-04-2013,05:51:47,0.218,97.100,-0.2,4.011,0.2574
08-04-2013,06:51:48,-0.004,97.700,-0.3,3.958,0.2567
08-04-2013,07:51:49,0.632,97.700,0.3,3.775,0.2560
08-04-2013,08:51:50,5.719,99.700,5.7,4.168,0.2552
08-04-2013,09:51:51,10.026,99.800,10.0,5.745,0.2552
08-04-2013,10:51:52,10.516,96.400,10.0,7.594,0.2560
08-04-2013,11:51:53,13.954,96.200,13.4,8.792,0.2560
08-04-2013,12:51:54,14.218,80.300,10.9,11.224,0.2567
08-04-2013,13:51:55,14.577,86.100,12.3,11.613,0.2567
08-04-2013,14:51:56,13.353,78.000,9.6,12.461,0.2560
08-04-2013,15:51:57,8.841,79.800,5.6,12.364,0.2560
08-04-2013,16:51:58,4.636,96.500,4.1,7.419,0.3402
08-04-2013,17:51:59,4.220,99.600,4.2,2.637,0.3533
08-04-2013,18:52:00,4.688,100.000,4.7,2.209,0.3199
08-04-2013,19:52:01,4.688,100.000,4.7,3.538,0.3046
08-04-2013,20:52:02,4.895,100.000,4.9,4.246,0.3075
08-04-2013,21:52:03,1.561,100.000,1.6,4.584,0.2974
08-04-2013,22:52:04,0.577,99.600,0.5,4.037,0.2908
08-04-2013,23:52:05,0.024,99.500,-0.0,3.643,0.2857
09-04-2013,00:52:06,-0.311,98.800,-0.5,3.301,0.2828
09-04-2013,01:52:07,-0.060,99.500,-0.1,3.036,0.2792
09-04-2013,02:52:08,-0.395,98.800,-0.6,2.877,0.2777
09-04-2013,03:52:09,-1.128,97.700,-1.5,2.637,0.2756
09-04-2013,04:52:10,-1.413,98.000,-1.7,2.396,0.2741
09-04-2013,05:52:11,-1.356,98.800,-1.5,2.209,0.2727
09-04-2013,06:52:12,-1.299,98.800,-1.5,2.101,0.2712
09-04-2013,07:52:13,-1.213,98.300,-1.5,1.994,0.2698
09-04-2013,08:52:14,0.770,99.900,0.8,2.262,0.2698
09-04-2013,09:52:15,11.370,100.000,11.4,3.063,0.2690
09-04-2013,10:52:16,12.340,95.500,11.7,5.205,0.2690
09-04-2013,11:52:17,14.194,81.500,11.1,7.845,0.2690
09-04-2013,12:52:18,17.724,72.100,12.7,10.956,0.2690
09-04-2013,13:52:19,17.344,67.500,11.3,13.714,0.2690
09-04-2013,14:52:20,15.819,68.800,10.1,14.290,0.2683
09-04-2013,15:52:21,15.247,67.300,9.2,15.366,0.2676
09-04-2013,16:52:22,12.727,77.700,8.9,14.050,0.2676
09-04-2013,17:52:23,8.170,93.000,7.1,12.558,0.2683
09-04-2013,18:52:24,7.368,97.700,7.0,10.590,0.2944
09-04-2013,19:52:25,6.839,98.200,6.6,9.657,0.2923
09-04-2013,20:52:26,6.889,99.000,6.7,9.188,0.2865
09-04-2013,21:52:27,5.360,98.800,5.2,8.742,0.2828
09-04-2013,22:52:28,2.744,97.500,2.4,7.845,0.2792
09-04-2013,23:52:29,1.317,97.000,0.9,6.661,0.2770
10-04-2013,00:52:30,0.962,97.300,0.6,5.770,0.2748
10-04-2013,01:52:31,0.467,97.200,0.1,5.128,0.2734
10-04-2013,02:52:32,0.024,97.000,-0.4,4.610,0.2719
10-04-2013,03:52:33,-0.032,97.500,-0.4,4.168,0.2705
10-04-2013,04:52:34,-0.116,97.900,-0.4,3.801,0.2690
10-04-2013,05:52:35,-0.817,96.700,-1.3,3.459,0.2683
10-04-2013,06:52:36,-1.015,96.900,-1.5,3.116,0.2668
10-04-2013,07:52:37,-0.648,97.800,-1.0,2.850,0.2661
10-04-2013,08:52:38,0.632,99.300,0.5,2.770,0.2654
10-04-2013,09:52:39,8.717,100.000,8.7,3.406,0.2647
10-04-2013,10:52:40,10.369,94.000,9.5,5.796,0.2647
10-04-2013,11:52:41,10.271,85.600,8.0,7.745,0.2654
10-04-2013,12:52:42,12.751,77.000,8.8,9.312,0.2654
10-04-2013,13:52:43,15.270,71.700,10.2,11.321,0.2654
10-04-2013,14:52:44,18.604,69.400,12.9,12.413,0.2654
10-04-2013,15:52:45,17.296,62.300,10.0,14.098,0.2647
10-04-2013,16:52:46,13.088,69.200,7.6,13.930,0.2647
10-04-2013,17:52:47,10.149,79.000,6.7,12.582,0.2639
10-04-2013,18:52:48,6.839,86.500,4.8,10.810,0.2632
10-04-2013,19:52:49,5.231,95.700,4.6,9.139,0.2625
10-04-2013,20:52:50,3.354,96.100,2.8,7.895,0.2618
10-04-2013,21:52:51,2.370,97.100,2.0,6.889,0.2610
10-04-2013,22:52:52,1.859,96.200,1.3,6.026,0.2603
10-04-2013,23:52:53,0.934,96.500,0.4,5.411,0.2596
11-04-2013,00:52:54,0.577,96.600,0.1,4.921,0.2589
11-04-2013,01:52:55,0.605,96.800,0.2,4.480,0.2589
11-04-2013,02:52:56,0.107,95.900,-0.5,4.115,0.2581
11-04-2013,03:52:57,0.273,97.100,-0.1,3.801,0.2581
11-04-2013,04:52:58,0.246,97.800,-0.1,3.591,0.2581
11-04-2013,05:52:59,1.071,99.800,1.0,3.459,0.2574
11-04-2013,06:53:00,3.116,100.000,3.1,3.485,0.2567
11-04-2013,07:53:01,4.376,98.300,4.1,3.801,0.2567
11-04-2013,08:53:02,5.872,93.600,4.9,4.272,0.2567
11-04-2013,09:53:03,11.783,83.200,9.0,4.973,0.2567
11-04-2013,10:53:04,15.223,70.600,9.9,6.306,0.2567
11-04-2013,11:53:05,17.891,62.600,10.7,8.916,0.2567
11-04-2013,12:53:06,20.579,55.700,11.4,12.678,0.2574
11-04-2013,13:53:07,17.320,56.000,8.5,15.509,0.2581
11-04-2013,14:53:08,16.344,65.100,9.8,15.199,0.2581
11-04-2013,15:53:09,14.553,72.300,9.6,14.002,0.2574
11-04-2013,16:53:10,14.146,68.000,8.3,13.570,0.2574
11-04-2013,17:53:11,11.321,74.400,6.9,12.727,0.2574
11-04-2013,18:53:12,8.319,82.300,5.5,11.321,0.2567
11-04-2013,19:53:13,6.382,88.700,4.7,9.977,0.2567
11-04-2013,20:53:14,5.668,91.800,4.4,9.064,0.2560
11-04-2013,21:53:15,3.538,91.600,2.3,8.295,0.2552
11-04-2013,22:53:16,1.317,90.500,-0.1,7.041,0.2552
11-04-2013,23:53:17,0.715,92.700,-0.3,6.077,0.2545
12-04-2013,00:53:18,2.101,95.400,1.4,5.437,0.2538
12-04-2013,01:53:19,5.975,100.000,6.0,5.796,0.2538
12-04-2013,02:53:20,6.560,98.200,6.3,6.357,0.2530
12-04-2013,03:53:21,5.821,97.800,5.5,6.306,0.2530
12-04-2013,04:53:22,6.535,97.700,6.2,6.230,0.2530
12-04-2013,05:53:23,6.914,99.000,6.8,6.357,0.2530
12-04-2013,06:53:24,7.293,100.000,7.3,6.585,0.2530
12-04-2013,07:53:25,7.091,100.000,7.1,6.813,0.2530
12-04-2013,08:53:26,8.270,99.900,8.3,6.889,0.2530
12-04-2013,09:53:27,8.618,96.700,8.1,7.444,0.2530
12-04-2013,10:53:28,9.188,94.800,8.4,7.945,0.2530
12-04-2013,11:53:29,10.369,91.000,9.0,8.693,0.2530
12-04-2013,12:53:30,11.273,86.100,9.0,9.460,0.2530
12-04-2013,13:53:31,13.473,82.800,10.6,10.247,0.2538
12-04-2013,14:53:32,15.055,76.300,10.9,11.710,0.2530
12-04-2013,15:53:33,12.968,78.100,9.3,12.703,0.2538
12-04-2013,16:53:34,13.546,80.600,10.3,12.268,0.2538
12-04-2013,17:53:35,9.879,83.600,7.2,11.467,0.2538
12-04-2013,18:53:36,7.594,93.000,6.5,10.149,0.2538
12-04-2013,19:53:37,6.458,98.400,6.2,8.841,0.2530
12-04-2013,20:53:38,6.965,99.700,6.9,8.020,0.2523
12-04-2013,21:53:39,7.995,99.100,7.9,7.845,0.2523
12-04-2013,22:53:40,8.095,95.500,7.4,8.020,0.2523
12-04-2013,23:53:41,6.990,93.600,6.0,7.945,0.2523
13-04-2013,00:53:42,6.712,97.100,6.3,7.444,0.2523
13-04-2013,01:53:43,5.847,97.000,5.4,7.041,0.2516
13-04-2013,02:53:44,6.331,98.100,6.1,6.737,0.2516
13-04-2013,03:53:45,7.268,96.400,6.7,6.737,0.2516
13-04-2013,04:53:46,7.343,95.600,6.7,6.813,0.2509
13-04-2013,05:53:47,7.242,94.700,6.5,6.864,0.2509
13-04-2013,06:53:48,7.217,95.300,6.5,6.864,0.2509
13-04-2013,07:53:49,7.519,95.700,6.9,6.914,0.2509
13-04-2013,08:53:50,7.920,96.900,7.5,7.192,0.2509
13-04-2013,09:53:51,7.970,95.000,7.2,7.569,0.2509
13-04-2013,10:53:52,7.268,96.800,6.8,7.695,0.2509
13-04-2013,11:53:53,8.270,96.600,7.8,7.870,0.2509
13-04-2013,12:53:54,9.460,93.800,8.5,8.469,0.2509
13-04-2013,13:53:55,12.630,88.600,10.8,9.238,0.2509
13-04-2013,14:53:56,13.930,79.800,10.5,11.078,0.2509
13-04-2013,15:53:57,11.419,81.600,8.4,11.929,0.2509
13-04-2013,16:53:58,11.102,85.400,8.8,11.151,0.2516
13-04-2013,17:53:59,9.583,87.000,7.5,10.320,0.2516
13-04-2013,18:54:00,8.742,91.300,7.4,9.410,0.2509
13-04-2013,19:54:01,8.494,92.800,7.4,8.767,0.2509
13-04-2013,20:54:02,8.767,91.400,7.5,8.494,0.2509
13-04-2013,21:54:03,7.845,87.000,5.8,8.270,0.2501
13-04-2013,22:54:04,8.319,90.900,6.9,8.045,0.2501
13-04-2013,23:54:05,8.767,84.000,6.2,7.920,0.2501
14-04-2013,00:54:06,9.139,79.600,5.8,7.720,0.2501
14-04-2013,01:54:07,8.618,78.100,5.0,7.619,0.2501
14-04-2013,02:54:08,8.419,78.400,4.9,7.393,0.2494
14-04-2013,03:54:09,8.519,77.000,4.7,7.242,0.2494
14-04-2013,04:54:10,8.070,77.400,4.4,7.167,0.2494
14-04-2013,05:54:11,7.695,78.000,4.1,6.990,0.2494
14-04-2013,06:54:12,7.594,80.100,4.4,6.813,0.2494
14-04-2013,07:54:13,7.995,80.700,4.9,6.864,0.2494
14-04-2013,08:54:14,9.163,80.400,6.0,6.990,0.2487
14-04-2013,09:54:15,8.965,84.600,6.5,7.720,0.2487
14-04-2013,10:54:16,13.185,79.500,9.7,8.767,0.2487
14-04-2013,11:54:17,13.858,70.500,8.6,10.222,0.2487
14-04-2013,12:54:18,13.233,68.500,7.6,10.761,0.2494
14-04-2013,13:54:19,13.137,70.100,7.8,10.980,0.2494
14-04-2013,14:54:20,13.064,72.700,8.3,11.613,0.2494
14-04-2013,15:54:21,12.703,71.800,7.8,11.880,0.2494
14-04-2013,16:54:22,10.687,74.700,6.4,11.346,0.2494
14-04-2013,17:54:23,9.312,80.400,6.1,10.198,0.2494
14-04-2013,18:54:24,8.941,84.500,6.5,9.262,0.2494
14-04-2013,19:54:25,8.990,86.100,6.8,8.891,0.2487
14-04-2013,20:54:26,7.945,88.200,6.1,8.643,0.2487
14-04-2013,21:54:27,7.945,93.900,7.0,8.419,0.2480
14-04-2013,22:54:28,7.845,91.600,6.6,8.220,0.2472
14-04-2013,23:54:29,7.217,97.300,6.8,8.095,0.2465
15-04-2013,00:54:30,7.469,99.700,7.4,7.995,0.2458
15-04-2013,01:54:31,7.393,100.000,7.4,7.895,0.3112
15-04-2013,02:54:32,6.687,100.000,6.7,7.745,0.2952
15-04-2013,03:54:33,6.153,100.000,6.2,7.368,0.2857
15-04-2013,04:54:34,7.242,100.000,7.2,7.217,0.2806
15-04-2013,05:54:35,7.041,100.000,7.0,7.494,0.2770
15-04-2013,06:54:36,6.408,100.000,6.4,7.393,0.2748
15-04-2013,07:54:37,5.308,100.000,5.3,7.116,0.2727
15-04-2013,08:54:38,6.661,100.000,6.7,6.661,0.2712
15-04-2013,09:54:39,9.756,99.300,9.7,6.864,0.2705
15-04-2013,10:54:40,11.078,93.300,10.0,7.594,0.2690
15-04-2013,11:54:41,12.437,82.300,9.5,9.040,0.2683
15-04-2013,12:54:42,15.461,74.600,11.0,11.540,0.2676
15-04-2013,13:54:43,14.266,73.400,9.6,13.473,0.2676
15-04-2013,14:54:44,13.690,77.000,9.7,13.305,0.2668
15-04-2013,15:54:45,9.780,82.400,6.9,12.775,0.2661
15-04-2013,16:54:46,12.654,74.700,8.3,12.654,0.2647
15-04-2013,17:54:47,10.222,84.600,7.8,11.783,0.2647
15-04-2013,18:54:48,7.192,93.500,6.2,10.785,0.2632
15-04-2013,19:54:49,6.661,97.400,6.3,9.829,0.2625
15-04-2013,20:54:50,6.051,98.700,5.9,9.213,0.2618
15-04-2013,21:54:51,5.488,99.200,5.4,8.643,0.2603
15-04-2013,22:54:52,5.128,99.500,5.1,8.195,0.2603
15-04-2013,23:54:53,4.869,99.800,4.8,7.820,0.2596
16-04-2013,00:54:54,4.636,100.000,4.6,7.519,0.2603
16-04-2013,01:54:55,4.454,100.000,4.5,7.242,0.2610
16-04-2013,02:54:56,4.168,100.000,4.2,7.015,0.2625
16-04-2013,03:54:57,4.089,100.000,4.1,6.839,0.2647
16-04-2013,04:54:58,3.985,100.000,4.0,6.687,0.2661
16-04-2013,05:54:59,3.749,100.000,3.8,6.509,0.2676
16-04-2013,06:55:00,3.433,100.000,3.4,6.331,0.2690
16-04-2013,07:55:01,3.485,100.000,3.5,6.179,0.2683
16-04-2013,08:55:02,4.454,100.000,4.5,6.255,0.2683
16-04-2013,09:55:03,6.687,100.000,6.7,6.914,0.2676
16-04-2013,10:55:04,9.262,99.400,9.2,8.145,0.2676
16-04-2013,11:55:05,11.710,96.200,11.1,9.731,0.2668
16-04-2013,12:55:06,11.200,89.600,9.6,11.662,0.2668
16-04-2013,13:55:07,10.345,86.100,8.1,12.268,0.2668
16-04-2013,14:55:08,15.557,78.500,11.8,13.353,0.2661
16-04-2013,15:55:09,15.414,68.700,9.7,14.553,0.2654
16-04-2013,16:55:10,15.103,66.100,8.8,14.385,0.2647
16-04-2013,17:55:11,12.364,68.900,6.8,13.281,0.2647
16-04-2013,18:55:12,7.041,84.900,4.7,11.540,0.2632
16-04-2013,19:55:13,7.142,95.200,6.4,10.320,0.2625
16-04-2013,20:55:14,6.788,96.800,6.3,9.805,0.2618
16-04-2013,21:55:15,6.331,97.800,6.0,9.361,0.2618
16-04-2013,22:55:16,6.153,98.900,6.0,8.965,0.2610
16-04-2013,23:55:17,5.360,99.100,5.2,8.543,0.2603
17-04-2013,00:55:18,5.282,99.700,5.2,8.120,0.2603
17-04-2013,01:55:19,2.956,98.700,2.8,7.795,0.2596
17-04-2013,02:55:20,2.477,97.000,2.0,6.763,0.2589
17-04-2013,03:55:21,5.334,99.900,5.3,6.712,0.2581
17-04-2013,04:55:22,5.488,100.000,5.5,6.914,0.2581
17-04-2013,05:55:23,5.437,100.000,5.4,6.940,0.2581
17-04-2013,06:55:24,5.385,100.000,5.4,6.914,0.2581
17-04-2013,07:55:25,5.360,100.000,5.4,6.889,0.2574
17-04-2013,08:55:26,5.847,100.000,5.9,6.940,0.2574
17-04-2013,09:55:27,6.839,100.000,6.8,7.393,0.2574
17-04-2013,10:55:28,8.270,97.300,7.9,8.145,0.2567
17-04-2013,11:55:29,10.247,89.800,8.7,9.238,0.2567
17-04-2013,12:55:30,11.102,82.300,8.2,10.541,0.2574
17-04-2013,13:55:31,10.980,74.800,6.7,12.001,0.2567
17-04-2013,14:55:32,11.953,78.300,8.3,11.856,0.2567
17-04-2013,15:55:33,11.710,71.500,6.7,11.807,0.2567
17-04-2013,16:55:34,9.015,76.000,5.0,11.686,0.2567
17-04-2013,17:55:35,7.167,88.700,5.4,10.492,0.2567
17-04-2013,18:55:36,4.558,95.000,3.8,9.163,0.2560
17-04-2013,19:55:37,2.155,93.900,1.3,7.895,0.2552
17-04-2013,20:55:38,2.155,94.700,1.4,6.864,0.2545
17-04-2013,21:55:39,0.495,93.800,-0.4,6.153,0.2538
17-04-2013,22:55:40,1.859,95.400,1.2,5.437,0.2530
17-04-2013,23:55:41,1.751,97.100,1.3,5.668,0.2530
18-04-2013,00:55:42,0.577,95.100,-0.1,5.128,0.2523
18-04-2013,01:55:43,1.044,95.900,0.5,4.688,0.2523
18-04-2013,02:55:44,2.477,98.400,2.2,4.895,0.2523
18-04-2013,03:55:45,2.289,99.000,2.1,5.154,0.2516
18-04-2013,04:55:46,0.550,97.000,0.1,4.844,0.2516
18-04-2013,05:55:47,-1.613,95.200,-2.3,4.089,0.2516
18-04-2013,06:55:48,-0.060,96.800,-0.5,3.459,0.2509
18-04-2013,07:55:49,1.805,99.800,1.8,3.775,0.2509
18-04-2013,08:55:50,1.967,99.600,1.9,4.324,0.2509
18-04-2013,09:55:51,7.192,100.000,7.2,4.844,0.2509
18-04-2013,10:55:52,12.509,90.000,10.9,6.509,0.2509
18-04-2013,11:55:53,14.792,69.400,9.3,8.394,0.2509
18-04-2013,12:55:54,15.557,59.100,7.6,10.761,0.2516
