"Date","Time, GMT+11:00","Temp, °C (LGR S/N: 9832570, SEN S/N: 9818211, LBL: Ambient)","RH, % (LGR S/N: 9832570, SEN S/N: 9818211)","Water Content, m³/m³ (LGR S/N: 9832570, SEN S/N: 9827491, LBL: 5cmBG)","Water Content, m³/m³ (LGR S/N: 9832570, SEN S/N: 9833764, LBL: 10cmBG)","DewPt, °C (LGR S/N: 9832570, SEN S/N: 9818211)"
17/11/16,15:39:31,16.606,66.400,0.2879,0.2487,10.3
17/11/16,16:39:32,16.034,71.800,0.2879,0.2509,11.0
17/11/16,17:39:33,14.457,76.400,0.2879,0.2509,10.4
17/11/16,18:39:34,13.377,81.000,0.2872,0.2501,10.2
17/11/16,19:39:35,11.151,83.600,0.2872,0.2501,8.5
17/11/16,20:39:36,10.026,87.600,0.2872,0.2494,8.1
17/11/16,21:39:37,9.780,91.100,0.2872,0.2494,8.4
17/11/16,22:39:38,9.558,92.700,0.2865,0.2494,8.4
17/11/16,23:39:39,9.213,93.400,0.2872,0.2494,8.2
18/11/16,00:39:40,8.941,94.200,0.2872,0.2487,8.1
18/11/16,01:39:41,8.866,95.000,0.2865,0.2487,8.1
18/11/16,02:39:42,8.742,95.300,0.2865,0.2487,8.0
18/11/16,03:39:43,8.668,95.800,0.2865,0.2487,8.0
18/11/16,04:39:44,8.693,96.300,0.2865,0.2487,8.1
18/11/16,05:39:45,8.593,96.300,0.2865,0.2480,8.0
18/11/16,06:39:46,8.841,96.600,0.2865,0.2480,8.3
18/11/16,07:39:47,9.064,96.500,0.2857,0.2480,8.5
18/11/16,08:39:48,10.051,96.600,0.2857,0.2480,9.5
18/11/16,09:39:49,10.320,94.800,0.2857,0.2480,9.5
18/11/16,10:39:50,10.907,94.800,0.2857,0.2472,10.1
18/11/16,11:39:51,11.856,94.300,0.2850,0.2472,11.0
18/11/16,12:39:52,12.413,93.200,0.2857,0.2472,11.4
18/11/16,13:39:53,14.218,91.600,0.2850,0.2472,12.9
18/11/16,14:39:54,16.034,87.300,0.2843,0.2458,13.9
18/11/16,15:39:55,17.225,83.000,0.2836,0.2458,14.3
18/11/16,16:39:56,16.796,79.000,0.2836,0.2451,13.2
18/11/16,17:39:57,15.509,78.100,0.2836,0.2451,11.7
18/11/16,18:39:58,13.954,81.000,0.2836,0.2451,10.8
18/11/16,19:39:59,13.088,84.200,0.2828,0.2451,10.5
18/11/16,20:40:00,11.029,84.300,0.2836,0.2443,8.5
18/11/16,21:40:01,10.369,88.200,0.2836,0.2443,8.5
18/11/16,22:40:02,10.051,90.700,0.2828,0.2436,8.6
18/11/16,23:40:03,9.657,91.800,0.2828,0.2436,8.4
19/11/16,00:40:04,9.188,92.200,0.2828,0.2436,8.0
19/11/16,01:40:05,9.287,94.300,0.2821,0.2436,8.4
19/11/16,02:40:06,9.262,95.600,0.2821,0.2436,8.6
19/11/16,03:40:07,9.114,95.600,0.2821,0.2429,8.5
19/11/16,04:40:08,9.114,96.300,0.2821,0.2429,8.6
19/11/16,05:40:09,8.717,95.600,0.2828,0.2429,8.1
19/11/16,06:40:10,8.469,94.500,0.2821,0.2429,7.6
19/11/16,07:40:11,9.312,94.700,0.2821,0.2429,8.5
19/11/16,08:40:12,10.785,92.800,0.2821,0.2422,9.7
19/11/16,09:40:13,12.703,86.800,0.2821,0.2422,10.6
19/11/16,10:40:14,13.858,76.100,0.2814,0.2422,9.7
19/11/16,11:40:15,14.673,75.100,0.2814,0.2414,10.3
19/11/16,12:40:16,16.201,77.500,0.2806,0.2414,12.3
19/11/16,13:40:17,16.868,74.800,0.2799,0.2400,12.4
19/11/16,14:40:18,18.129,70.000,0.2792,0.2392,12.6
19/11/16,15:40:19,18.438,70.600,0.2792,0.2392,13.0
19/11/16,16:40:20,17.415,72.100,0.2785,0.2385,12.4
19/11/16,17:40:21,17.153,74.800,0.2777,0.2378,12.7
19/11/16,18:40:22,16.487,75.000,0.2777,0.2378,12.1
19/11/16,19:40:23,14.146,74.400,0.2777,0.2378,9.7
19/11/16,20:40:24,9.608,72.200,0.2777,0.2371,4.9
19/11/16,21:40:25,7.167,77.700,0.2770,0.2363,3.5
19/11/16,22:40:26,5.719,80.500,0.2770,0.2363,2.6
19/11/16,23:40:27,5.514,84.400,0.2770,0.2363,3.1
20/11/16,00:40:28,5.308,86.600,0.2770,0.2363,3.3
20/11/16,01:40:29,5.616,88.400,0.2770,0.2356,3.9
20/11/16,02:40:30,5.949,90.200,0.2770,0.2356,4.5
20/11/16,03:40:31,6.153,91.100,0.2770,0.2356,4.8
20/11/16,04:40:32,6.408,92.200,0.2770,0.2356,5.2
20/11/16,05:40:33,6.661,92.800,0.2770,0.2356,5.6
20/11/16,06:40:34,6.712,93.100,0.2770,0.2356,5.7
20/11/16,07:40:35,9.608,99.100,0.2770,0.2356,9.5
20/11/16,08:40:36,11.127,96.600,0.2770,0.2356,10.6
20/11/16,09:40:37,14.170,89.700,0.2770,0.2363,12.5
20/11/16,10:40:38,15.676,78.700,0.2770,0.2356,12.0
20/11/16,11:40:39,16.439,75.600,0.2763,0.2349,12.1
20/11/16,12:40:40,17.629,74.500,0.2756,0.2349,13.1
20/11/16,13:40:41,18.271,69.000,0.2756,0.2342,12.5
20/11/16,14:40:42,18.604,67.200,0.2748,0.2342,12.4
20/11/16,15:40:43,19.270,68.700,0.2741,0.2334,13.4
20/11/16,16:40:44,18.985,71.500,0.2741,0.2327,13.7
20/11/16,17:40:45,18.509,71.600,0.2734,0.2327,13.3
20/11/16,18:40:46,16.034,72.400,0.2734,0.2320,11.1
20/11/16,19:40:47,14.122,77.900,0.2734,0.2327,10.3
20/11/16,20:40:48,12.896,81.400,0.2734,0.2320,9.8
20/11/16,21:40:49,11.953,83.800,0.2734,0.2313,9.3
20/11/16,22:40:50,11.005,85.600,0.2734,0.2313,8.7
20/11/16,23:40:51,10.687,87.800,0.2734,0.2313,8.8
21/11/16,00:40:52,10.834,90.300,0.2734,0.2313,9.3
21/11/16,01:40:53,10.785,91.100,0.2734,0.2313,9.4
21/11/16,02:40:54,10.761,92.700,0.2734,0.2313,9.6
21/11/16,03:40:55,10.394,92.700,0.2734,0.2313,9.3
21/11/16,04:40:56,10.075,93.000,0.2734,0.2313,9.0
21/11/16,05:40:57,9.977,94.200,0.2734,0.2313,9.1
21/11/16,06:40:58,10.271,95.200,0.2734,0.2313,9.5
21/11/16,07:40:59,11.880,96.300,0.2727,0.2305,11.3
21/11/16,08:41:00,13.209,92.800,0.2734,0.2305,12.1
21/11/16,09:41:01,13.112,89.000,0.2727,0.2305,11.4
21/11/16,10:41:02,15.103,85.200,0.2727,0.2305,12.7
21/11/16,11:41:03,14.050,83.600,0.2727,0.2305,11.3
21/11/16,12:41:04,16.677,84.100,0.2727,0.2298,14.0
21/11/16,13:41:05,18.771,76.400,0.2719,0.2298,14.6
21/11/16,14:41:06,19.389,72.700,0.2712,0.2291,14.4
21/11/16,15:41:07,19.294,72.200,0.2705,0.2291,14.2
21/11/16,16:41:08,19.199,73.200,0.2705,0.2284,14.3
21/11/16,17:41:09,18.509,72.600,0.2698,0.2276,13.5
21/11/16,18:41:10,16.677,73.600,0.2698,0.2269,12.0
21/11/16,19:41:11,14.314,79.100,0.2698,0.2269,10.8
21/11/16,20:41:12,12.968,83.200,0.2698,0.2269,10.2
21/11/16,21:41:13,12.799,86.300,0.2698,0.2262,10.6
21/11/16,22:41:14,12.703,86.300,0.2698,0.2262,10.5
21/11/16,23:41:15,12.316,87.500,0.2698,0.2262,10.3
22/11/16,00:41:16,12.025,88.700,0.2698,0.2262,10.2
22/11/16,01:41:17,11.880,88.700,0.2690,0.2262,10.1
22/11/16,02:41:18,11.540,88.400,0.2698,0.2262,9.7
22/11/16,03:41:19,11.370,89.900,0.2698,0.2262,9.8
22/11/16,04:41:20,10.932,89.800,0.2690,0.2262,9.3
22/11/16,05:41:21,10.810,91.100,0.2690,0.2254,9.4
22/11/16,06:41:22,10.834,92.400,0.2698,0.2254,9.7
22/11/16,07:41:23,10.932,93.500,0.2698,0.2254,9.9
22/11/16,08:41:24,11.224,95.800,0.2690,0.2254,10.6
22/11/16,09:41:25,11.977,97.000,0.2690,0.2254,11.5
22/11/16,10:41:26,12.968,97.100,0.2690,0.2254,12.5
22/11/16,11:41:27,12.122,94.600,0.2690,0.2254,11.3
22/11/16,12:41:28,11.127,94.100,0.2690,0.2254,10.2
22/11/16,13:41:29,11.346,94.900,0.2690,0.2254,10.6
22/11/16,14:41:30,11.053,94.900,0.2690,0.2247,10.3
22/11/16,15:41:31,13.137,97.800,0.2690,0.2254,12.8
22/11/16,16:41:32,13.690,92.200,0.2690,0.2247,12.5
22/11/16,17:41:33,13.112,90.100,0.2683,0.2247,11.5
22/11/16,18:41:34,11.589,90.700,0.2683,0.2247,10.1
22/11/16,19:41:35,10.712,95.100,0.2683,0.2240,10.0
22/11/16,20:41:36,10.247,98.400,0.2683,0.2240,10.0
22/11/16,21:41:37,10.075,100.000,0.2727,0.2480,10.1
22/11/16,22:41:38,10.026,100.000,0.2966,0.2538,10.0
22/11/16,23:41:39,9.879,100.000,0.3032,0.2523,9.9
23/11/16,00:41:40,9.731,100.000,0.3061,0.2581,9.7
23/11/16,01:41:41,9.632,100.000,0.3112,0.2589,9.6
23/11/16,02:41:42,9.608,100.000,0.3082,0.2552,9.6
23/11/16,03:41:43,9.410,100.000,0.3053,0.2538,9.4
23/11/16,04:41:44,9.287,100.000,0.3024,0.2523,9.3
23/11/16,05:41:45,9.262,100.000,0.3003,0.2589,9.3
23/11/16,06:41:46,7.920,100.000,0.3053,0.2618,7.9
23/11/16,07:41:47,7.870,100.000,0.3075,0.2639,7.9
23/11/16,08:41:48,7.670,100.000,0.3112,0.2668,7.7
23/11/16,09:41:49,7.242,100.000,0.3141,0.2698,7.2
23/11/16,10:41:50,7.544,100.000,0.3141,0.2676,7.6
23/11/16,11:41:51,6.560,99.900,0.3133,0.2690,6.6
23/11/16,12:41:52,6.331,99.900,0.3162,0.2734,6.3
23/11/16,13:41:53,7.192,99.200,0.3170,0.2748,7.1
23/11/16,14:41:54,7.945,100.000,0.3155,0.2727,8.0
23/11/16,15:41:55,8.891,100.000,0.3141,0.2705,8.9
23/11/16,16:41:56,6.026,99.000,0.3119,0.2690,5.9
23/11/16,17:41:57,3.564,97.100,0.3104,0.2668,3.1
23/11/16,18:41:58,3.009,98.000,0.3090,0.2668,2.7
23/11/16,19:41:59,2.823,98.600,0.3082,0.2661,2.6
23/11/16,20:42:00,2.289,98.900,0.3075,0.2661,2.1
23/11/16,21:42:01,1.805,99.100,0.3068,0.2654,1.7
23/11/16,22:42:02,1.371,99.100,0.3061,0.2654,1.2
23/11/16,23:42:03,0.962,98.600,0.3053,0.2647,0.8
24/11/16,00:42:04,0.632,98.500,0.3046,0.2639,0.4
24/11/16,01:42:05,-0.004,97.700,0.3039,0.2632,-0.3
24/11/16,02:42:06,0.550,98.400,0.3032,0.2632,0.3
24/11/16,03:42:07,1.153,99.800,0.3032,0.2625,1.1
24/11/16,04:42:08,1.453,100.000,0.3024,0.2618,1.5
24/11/16,05:42:09,1.398,100.000,0.3024,0.2618,1.4
24/11/16,06:42:10,1.480,100.000,0.3017,0.2618,1.5
24/11/16,07:42:11,1.724,100.000,0.3010,0.2610,1.7
24/11/16,08:42:12,2.823,100.000,0.3010,0.2610,2.8
24/11/16,09:42:13,4.869,100.000,0.3010,0.2734,4.9
24/11/16,10:42:14,6.128,100.000,0.3097,0.2799,6.1
24/11/16,11:42:15,6.408,100.000,0.3141,0.2814,6.4
24/11/16,12:42:16,9.040,100.000,0.3126,0.2777,9.0
24/11/16,13:42:17,9.879,100.000,0.3104,0.2748,9.9
24/11/16,14:42:18,9.608,100.000,0.3090,0.2734,9.6
24/11/16,15:42:19,9.089,100.000,0.3075,0.2719,9.1
24/11/16,16:42:20,8.965,100.000,0.3075,0.2705,9.0
24/11/16,17:42:21,8.817,100.000,0.3061,0.2698,8.8
24/11/16,18:42:22,9.435,100.000,0.3053,0.2683,9.4
24/11/16,19:42:23,7.619,100.000,0.3039,0.2676,7.6
24/11/16,20:42:24,4.168,100.000,0.3039,0.2668,4.2
24/11/16,21:42:25,4.636,100.000,0.3032,0.2654,4.6
24/11/16,22:42:26,4.194,100.000,0.3032,0.2654,4.2
24/11/16,23:42:27,4.376,100.000,0.3024,0.2647,4.4
25/11/16,00:42:28,3.168,99.600,0.3017,0.2639,3.1
25/11/16,01:42:29,2.101,98.200,0.3010,0.2639,1.8
25/11/16,02:42:30,1.453,97.600,0.3003,0.2632,1.1
25/11/16,03:42:31,1.534,98.100,0.3003,0.2625,1.3
25/11/16,04:42:32,1.126,97.600,0.3003,0.2625,0.8
25/11/16,05:42:33,0.550,96.200,0.2995,0.2618,0.0
25/11/16,06:42:34,0.467,95.300,0.2995,0.2610,-0.2
25/11/16,07:42:35,2.047,97.200,0.2988,0.2610,1.6
25/11/16,08:42:36,4.454,100.000,0.2981,0.2610,4.5
25/11/16,09:42:37,6.382,100.000,0.2981,0.2610,6.4
25/11/16,10:42:38,8.020,99.200,0.2974,0.2603,7.9
25/11/16,11:42:39,8.568,94.000,0.2966,0.2603,7.7
25/11/16,12:42:40,10.271,96.800,0.2966,0.2596,9.8
25/11/16,13:42:41,11.807,95.900,0.2959,0.2589,11.2
25/11/16,14:42:42,12.654,95.500,0.2952,0.2581,12.0
25/11/16,15:42:43,12.050,93.400,0.2952,0.2581,11.0
25/11/16,16:42:44,11.832,95.100,0.2944,0.2574,11.1
25/11/16,17:42:45,11.686,95.400,0.2944,0.2567,11.0
25/11/16,18:42:46,10.980,96.100,0.2937,0.2567,10.4
25/11/16,19:42:47,10.001,96.600,0.2937,0.2567,9.5
25/11/16,20:42:48,6.408,89.700,0.2937,0.2560,4.8
25/11/16,21:42:49,4.714,91.000,0.2930,0.2560,3.4
25/11/16,22:42:50,3.406,93.200,0.2930,0.2552,2.4
25/11/16,23:42:51,2.316,88.900,0.2923,0.2552,0.7
26/11/16,00:42:52,1.153,86.800,0.2923,0.2545,-0.8
26/11/16,01:42:53,0.550,90.600,0.2923,0.2545,-0.8
26/11/16,02:42:54,-0.004,89.800,0.2923,0.2538,-1.5
26/11/16,03:42:55,-0.535,88.600,0.2923,0.2530,-2.2
26/11/16,04:42:56,-0.845,88.900,0.2915,0.2530,-2.4
26/11/16,05:42:57,-0.902,88.500,0.2915,0.2530,-2.6
26/11/16,06:42:58,-0.451,90.500,0.2908,0.2530,-1.8
26/11/16,07:42:59,1.507,92.400,0.2908,0.2530,0.4
26/11/16,08:43:00,5.411,99.400,0.2901,0.2530,5.3
26/11/16,09:43:01,7.870,96.600,0.2901,0.2530,7.4
26/11/16,10:43:02,9.928,87.500,0.2908,0.2530,8.0
26/11/16,11:43:03,10.883,74.600,0.2901,0.2530,6.6
26/11/16,12:43:04,11.953,80.700,0.2894,0.2523,8.8
26/11/16,13:43:05,12.871,81.100,0.2894,0.2516,9.7
26/11/16,14:43:06,14.314,83.600,0.2879,0.2516,11.6
26/11/16,15:43:07,14.912,84.500,0.2879,0.2501,12.3
26/11/16,16:43:08,15.079,82.100,0.2872,0.2501,12.1
26/11/16,17:43:09,14.888,77.300,0.2872,0.2501,11.0
26/11/16,18:43:10,11.759,76.600,0.2865,0.2494,7.8
26/11/16,19:43:11,10.026,84.600,0.2872,0.2487,7.6
26/11/16,20:43:12,8.891,89.400,0.2865,0.2487,7.3
26/11/16,21:43:13,8.145,91.900,0.2865,0.2480,6.9
26/11/16,22:43:14,6.204,90.900,0.2865,0.2480,4.8
26/11/16,23:43:15,4.011,87.300,0.2865,0.2480,2.1
27/11/16,00:43:16,3.301,89.000,0.2865,0.2480,1.7
27/11/16,01:43:17,2.744,89.600,0.2865,0.2480,1.2
27/11/16,02:43:18,2.503,89.400,0.2857,0.2472,0.9
27/11/16,03:43:19,2.209,88.100,0.2857,0.2472,0.4
27/11/16,04:43:20,1.967,88.100,0.2857,0.2472,0.2
27/11/16,05:43:21,1.507,86.300,0.2850,0.2472,-0.5
27/11/16,06:43:22,1.724,89.900,0.2857,0.2472,0.2
27/11/16,07:43:23,5.154,96.200,0.2857,0.2465,4.6
27/11/16,08:43:24,8.270,98.700,0.2850,0.2465,8.1
27/11/16,09:43:25,11.394,93.800,0.2850,0.2472,10.4
27/11/16,10:43:26,13.137,82.200,0.2850,0.2472,10.2
27/11/16,11:43:27,14.601,81.300,0.2850,0.2472,11.4
27/11/16,12:43:28,16.249,85.100,0.2843,0.2465,13.8
27/11/16,13:43:29,18.033,77.800,0.2836,0.2458,14.1
27/11/16,14:43:30,18.557,77.800,0.2828,0.2451,14.6
27/11/16,15:43:31,19.246,79.500,0.2828,0.2451,15.6
27/11/16,16:43:32,18.937,80.300,0.2821,0.2443,15.5
27/11/16,17:43:33,16.654,79.700,0.2821,0.2436,13.1
27/11/16,18:43:34,12.847,82.200,0.2821,0.2436,9.9
27/11/16,19:43:35,11.856,88.200,0.2814,0.2429,10.0
27/11/16,20:43:36,9.903,88.900,0.2821,0.2429,8.2
27/11/16,21:43:37,8.866,90.700,0.2814,0.2429,7.4
27/11/16,22:43:38,7.695,90.800,0.2814,0.2422,6.3
27/11/16,23:43:39,6.179,89.000,0.2814,0.2414,4.5
28/11/16,00:43:40,6.889,92.400,0.2814,0.2422,5.7
28/11/16,01:43:41,7.920,95.000,0.2814,0.2414,7.2
28/11/16,02:43:42,7.920,95.600,0.2814,0.2422,7.3
28/11/16,03:43:43,7.469,95.100,0.2814,0.2422,6.7
28/11/16,04:43:44,7.419,95.500,0.2814,0.2414,6.8
28/11/16,05:43:45,7.393,96.100,0.2806,0.2422,6.8
28/11/16,06:43:46,7.895,97.500,0.2814,0.2414,7.5
28/11/16,07:43:47,8.767,97.900,0.2806,0.2422,8.5
28/11/16,08:43:48,9.805,95.500,0.2806,0.2414,9.1
28/11/16,09:43:49,12.195,91.600,0.2806,0.2414,10.9
28/11/16,10:43:50,13.786,82.300,0.2806,0.2414,10.8
28/11/16,11:43:51,14.290,80.800,0.2799,0.2414,11.1
28/11/16,12:43:52,15.366,80.100,0.2799,0.2407,12.0
28/11/16,13:43:53,16.106,77.300,0.2792,0.2400,12.1
28/11/16,14:43:54,16.892,76.900,0.2785,0.2392,12.8
28/11/16,15:43:55,17.249,78.500,0.2777,0.2392,13.5
28/11/16,16:43:56,17.415,78.800,0.2777,0.2385,13.7
28/11/16,17:43:57,16.677,79.300,0.2770,0.2378,13.1
28/11/16,18:43:58,13.642,77.000,0.2770,0.2378,9.7
28/11/16,19:43:59,11.759,81.300,0.2770,0.2371,8.7
28/11/16,20:44:00,9.312,82.700,0.2770,0.2371,6.5
28/11/16,21:44:01,8.693,85.600,0.2770,0.2363,6.4
28/11/16,22:44:02,7.469,86.400,0.2770,0.2363,5.4
28/11/16,23:44:03,5.847,85.200,0.2763,0.2356,3.6
29/11/16,00:44:04,4.402,84.600,0.2763,0.2356,2.0
29/11/16,01:44:05,3.643,86.200,0.2763,0.2356,1.6
29/11/16,02:44:06,3.195,85.900,0.2763,0.2356,1.1
29/11/16,03:44:07,2.584,83.700,0.2763,0.2356,0.1
29/11/16,04:44:08,2.101,83.200,0.2763,0.2356,-0.4
29/11/16,05:44:09,1.805,83.900,0.2756,0.2356,-0.6
29/11/16,06:44:10,2.262,87.600,0.2763,0.2356,0.4
29/11/16,07:44:11,6.153,93.600,0.2763,0.2349,5.2
29/11/16,08:44:12,8.170,92.600,0.2756,0.2356,7.1
29/11/16,09:44:13,10.858,90.700,0.2756,0.2349,9.4
29/11/16,10:44:14,13.040,80.100,0.2756,0.2356,9.7
29/11/16,11:44:15,14.768,70.500,0.2756,0.2349,9.5
29/11/16,12:44:16,16.749,69.600,0.2748,0.2342,11.2
29/11/16,13:44:17,17.034,68.200,0.2741,0.2334,11.1
29/11/16,14:44:18,17.986,69.200,0.2734,0.2327,12.3
29/11/16,15:44:19,15.151,70.600,0.2734,0.2327,9.9
29/11/16,16:44:20,16.773,75.100,0.2727,0.2320,12.4
29/11/16,17:44:21,16.272,73.900,0.2719,0.2320,11.6
29/11/16,18:44:22,14.290,73.300,0.2719,0.2313,9.6
29/11/16,19:44:23,12.219,75.000,0.2719,0.2305,7.9
29/11/16,20:44:24,8.717,74.500,0.2719,0.2305,4.4
29/11/16,21:44:25,6.102,74.100,0.2719,0.2298,1.8
29/11/16,22:44:26,4.714,76.800,0.2719,0.2298,1.0
29/11/16,23:44:27,4.011,81.800,0.2712,0.2298,1.2
30/11/16,00:44:28,3.433,83.300,0.2712,0.2298,0.9
30/11/16,01:44:29,3.459,85.700,0.2712,0.2298,1.3
30/11/16,02:44:30,3.617,85.800,0.2712,0.2291,1.5
30/11/16,03:44:31,3.617,86.100,0.2712,0.2291,1.5
30/11/16,04:44:32,3.985,89.500,0.2712,0.2291,2.4
30/11/16,05:44:33,4.584,91.500,0.2712,0.2291,3.3
30/11/16,06:44:34,6.102,93.100,0.2712,0.2291,5.1
30/11/16,07:44:35,8.245,95.700,0.2712,0.2291,7.6
30/11/16,08:44:36,10.320,93.900,0.2712,0.2291,9.4
30/11/16,09:44:37,13.137,87.700,0.2712,0.2298,11.2
30/11/16,10:44:38,14.888,77.300,0.2712,0.2291,11.0
30/11/16,11:44:39,16.082,74.700,0.2705,0.2291,11.6
30/11/16,12:44:40,16.939,69.700,0.2698,0.2284,11.4
30/11/16,13:44:41,17.225,64.900,0.2698,0.2276,10.6
30/11/16,14:44:42,17.558,66.900,0.2690,0.2276,11.4
30/11/16,15:44:43,16.534,70.700,0.2683,0.2276,11.2
30/11/16,16:44:44,16.106,71.900,0.2683,0.2269,11.1
30/11/16,17:44:45,15.247,73.300,0.2683,0.2269,10.5
30/11/16,18:44:46,15.748,74.700,0.2683,0.2262,11.3
30/11/16,19:44:47,13.401,69.400,0.2676,0.2254,7.9
30/11/16,20:44:48,10.761,70.700,0.2676,0.2254,5.7
30/11/16,21:44:49,9.780,76.500,0.2676,0.2247,5.9
30/11/16,22:44:50,8.593,79.100,0.2676,0.2247,5.2
30/11/16,23:44:51,8.891,85.000,0.2676,0.2240,6.5
01/12/16,00:44:52,9.188,87.800,0.2676,0.2240,7.3
01/12/16,01:44:53,9.682,89.800,0.2676,0.2240,8.1
01/12/16,02:44:54,9.064,91.700,0.2676,0.2247,7.8
01/12/16,03:44:55,8.543,92.800,0.2676,0.2240,7.5
01/12/16,04:44:56,8.045,94.500,0.2676,0.2240,7.2
01/12/16,05:44:57,7.519,95.300,0.2676,0.2240,6.8
01/12/16,06:44:58,6.281,93.600,0.2676,0.2240,5.3
01/12/16,07:44:59,8.817,98.600,0.2676,0.2240,8.6
01/12/16,08:45:00,11.516,100.000,0.2676,0.2247,11.5
01/12/16,09:45:01,13.353,94.400,0.2676,0.2247,12.5
01/12/16,10:45:02,14.745,84.500,0.2676,0.2247,12.2
01/12/16,11:45:03,15.605,84.200,0.2668,0.2247,13.0
01/12/16,12:45:04,16.415,80.300,0.2668,0.2247,13.0
01/12/16,13:45:05,16.963,77.600,0.2661,0.2233,13.0
01/12/16,14:45:06,17.272,76.900,0.2654,0.2233,13.2
01/12/16,15:45:07,17.938,76.900,0.2654,0.2225,13.8
01/12/16,16:45:08,17.724,76.300,0.2647,0.2218,13.5
01/12/16,17:45:09,17.058,76.100,0.2647,0.2218,12.8
01/12/16,18:45:10,15.986,75.700,0.2639,0.2211,11.7
01/12/16,19:45:11,13.377,77.300,0.2639,0.2211,9.5
01/12/16,20:45:12,11.175,80.900,0.2639,0.2204,8.0
01/12/16,21:45:13,10.222,84.700,0.2639,0.2204,7.8
01/12/16,22:45:14,9.829,87.100,0.2632,0.2204,7.8
01/12/16,23:45:15,9.287,87.600,0.2632,0.2196,7.3
02/12/16,00:45:16,8.767,87.900,0.2632,0.2196,6.9
02/12/16,01:45:17,8.444,88.800,0.2632,0.2196,6.7
02/12/16,02:45:18,8.095,89.000,0.2632,0.2196,6.4
02/12/16,03:45:19,8.120,90.200,0.2632,0.2196,6.6
02/12/16,04:45:20,7.970,90.000,0.2632,0.2189,6.4
02/12/16,05:45:21,7.970,90.500,0.2632,0.2196,6.5
02/12/16,06:45:22,8.344,91.800,0.2632,0.2189,7.1
02/12/16,07:45:23,9.262,91.700,0.2632,0.2196,8.0
02/12/16,08:45:24,10.907,90.100,0.2632,0.2189,9.4
02/12/16,09:45:25,13.233,84.600,0.2632,0.2196,10.7
02/12/16,10:45:26,14.649,74.700,0.2625,0.2189,10.2
02/12/16,11:45:27,14.721,72.400,0.2625,0.2189,9.8
02/12/16,12:45:28,15.390,72.500,0.2618,0.2182,10.5
02/12/16,13:45:29,16.320,72.000,0.2610,0.2175,11.3
02/12/16,14:45:30,16.844,70.900,0.2603,0.2167,11.6
02/12/16,15:45:31,17.034,69.100,0.2596,0.2160,11.3
02/12/16,16:45:32,16.773,67.500,0.2596,0.2153,10.7
02/12/16,17:45:33,15.986,67.400,0.2589,0.2153,10.0
02/12/16,18:45:34,14.984,66.900,0.2589,0.2146,8.9
02/12/16,19:45:35,12.992,70.000,0.2581,0.2146,7.7
02/12/16,20:45:36,11.151,76.500,0.2581,0.2131,7.2
02/12/16,21:45:37,10.149,80.100,0.2581,0.2131,6.9
02/12/16,22:45:38,9.386,81.700,0.2581,0.2131,6.4
02/12/16,23:45:39,8.693,82.700,0.2574,0.2131,5.9
03/12/16,00:45:40,7.970,83.200,0.2581,0.2131,5.3
03/12/16,01:45:41,8.220,86.000,0.2581,0.2131,6.0
03/12/16,02:45:42,7.945,86.200,0.2574,0.2131,5.8
03/12/16,03:45:43,7.594,87.000,0.2574,0.2124,5.6
03/12/16,04:45:44,6.433,85.400,0.2574,0.2124,4.2
03/12/16,05:45:45,5.975,86.000,0.2581,0.2124,3.8
03/12/16,06:45:46,6.940,89.100,0.2581,0.2124,5.3
03/12/16,07:45:47,8.543,91.400,0.2574,0.2124,7.2
03/12/16,08:45:48,10.075,88.100,0.2574,0.2124,8.2
03/12/16,09:45:49,12.847,83.400,0.2574,0.2124,10.1
03/12/16,10:45:50,14.721,73.000,0.2574,0.2124,9.9
03/12/16,11:45:51,16.153,73.300,0.2567,0.2116,11.4
03/12/16,12:45:52,16.511,68.400,0.2560,0.2109,10.7
03/12/16,13:45:53,16.939,66.200,0.2552,0.2102,10.6
03/12/16,14:45:54,17.653,64.200,0.2545,0.2095,10.8
03/12/16,15:45:55,18.224,64.200,0.2538,0.2087,11.4
03/12/16,16:45:56,18.295,64.400,0.2530,0.2080,11.5
03/12/16,17:45:57,17.320,66.100,0.2523,0.2080,10.9
03/12/16,18:45:58,15.533,67.100,0.2516,0.2073,9.5
03/12/16,19:45:59,13.040,69.700,0.2516,0.2066,7.6
03/12/16,20:46:00,9.410,69.400,0.2516,0.2058,4.1
03/12/16,21:46:01,6.839,72.800,0.2516,0.2051,2.3
03/12/16,22:46:02,5.872,75.600,0.2516,0.2051,1.9
03/12/16,23:46:03,6.153,77.200,0.2516,0.2044,2.5
04/12/16,00:46:04,5.591,76.100,0.2516,0.2044,1.7
04/12/16,01:46:05,5.565,76.000,0.2516,0.2044,1.7
04/12/16,02:46:06,6.484,80.600,0.2509,0.2044,3.4
04/12/16,03:46:07,7.695,85.100,0.2516,0.2044,5.4
04/12/16,04:46:08,8.344,86.600,0.2509,0.2044,6.2
04/12/16,05:46:09,7.870,85.700,0.2509,0.2044,5.6
04/12/16,06:46:10,8.941,88.600,0.2516,0.2044,7.2
04/12/16,07:46:11,10.443,90.700,0.2516,0.2044,9.0
04/12/16,08:46:12,12.751,88.300,0.2516,0.2044,10.9
04/12/16,09:46:13,15.390,84.700,0.2509,0.2044,12.8
04/12/16,10:46:14,17.486,75.400,0.2509,0.2044,13.1
04/12/16,11:46:15,18.010,69.000,0.2501,0.2037,12.3
04/12/16,12:46:16,17.320,69.600,0.2501,0.2037,11.7
04/12/16,13:46:17,17.962,68.100,0.2494,0.2037,12.0
04/12/16,14:46:18,18.723,71.900,0.2487,0.2022,13.6
04/12/16,15:46:19,18.604,71.400,0.2480,0.2022,13.3
04/12/16,16:46:20,17.867,71.700,0.2480,0.2015,12.7
04/12/16,17:46:21,15.939,75.000,0.2480,0.2015,11.5
04/12/16,18:46:22,14.122,79.600,0.2480,0.2015,10.7
04/12/16,19:46:23,12.654,89.000,0.2480,0.2008,10.9
04/12/16,20:46:24,11.904,96.300,0.2545,0.2204,11.3
04/12/16,21:46:25,11.540,98.500,0.2589,0.2211,11.3
04/12/16,22:46:26,11.321,99.600,0.2618,0.2218,11.3
04/12/16,23:46:27,11.273,100.000,0.2690,0.2298,11.3
05/12/16,00:46:28,11.200,100.000,0.2741,0.2741,11.2
05/12/16,01:46:29,11.078,100.000,0.2966,0.2683,11.1
05/12/16,02:46:30,11.029,100.000,0.2974,0.2639,11.0
05/12/16,03:46:31,11.175,100.000,0.2952,0.2610,11.2
05/12/16,04:46:32,10.932,100.000,0.2930,0.2596,10.9
05/12/16,05:46:33,10.858,100.000,0.2908,0.2603,10.9
05/12/16,06:46:34,11.127,100.000,0.2894,0.2596,11.1
05/12/16,07:46:35,11.929,100.000,0.2879,0.2589,11.9
05/12/16,08:46:36,12.606,100.000,0.2865,0.2574,12.6
05/12/16,09:46:37,15.414,100.000,0.2857,0.2574,15.4
05/12/16,10:46:38,15.939,100.000,0.2843,0.2560,16.0
05/12/16,11:46:39,16.487,100.000,0.2836,0.2545,16.5
05/12/16,12:46:40,17.582,99.000,0.2821,0.2530,17.4
05/12/16,13:46:41,16.392,99.900,0.2806,0.2523,16.4
05/12/16,14:46:42,16.010,100.000,0.2799,0.2516,16.0
05/12/16,15:46:43,15.294,99.900,0.2792,0.2516,15.3
05/12/16,16:46:44,15.294,99.900,0.2894,0.2654,15.3
05/12/16,17:46:45,14.864,100.000,0.2901,0.2654,14.9
05/12/16,18:46:46,13.882,100.000,0.2901,0.2639,13.9
05/12/16,19:46:47,12.678,100.000,0.2886,0.2625,12.7
05/12/16,20:46:48,12.122,100.000,0.2879,0.2618,12.1
05/12/16,21:46:49,11.807,100.000,0.2872,0.2603,11.8
05/12/16,22:46:50,11.565,100.000,0.2872,0.2596,11.6
05/12/16,23:46:51,11.589,100.000,0.2857,0.2589,11.6
06/12/16,00:46:52,11.492,100.000,0.2850,0.2581,11.5
06/12/16,01:46:53,11.516,100.000,0.2843,0.2567,11.5
06/12/16,02:46:54,11.102,100.000,0.2836,0.2567,11.1
06/12/16,03:46:55,10.858,100.000,0.2836,0.2560,10.9
06/12/16,04:46:56,10.687,100.000,0.2828,0.2552,10.7
06/12/16,05:46:57,10.516,100.000,0.2828,0.2552,10.5
06/12/16,06:46:58,10.492,100.000,0.2821,0.2545,10.5
06/12/16,07:46:59,10.956,100.000,0.2814,0.2538,11.0
06/12/16,08:47:00,11.467,100.000,0.2806,0.2530,11.5
06/12/16,09:47:01,13.570,100.000,0.2806,0.2509,13.6
06/12/16,10:47:02,14.146,100.000,0.2799,0.2501,14.2
06/12/16,11:47:03,12.944,99.800,0.2792,0.2494,12.9
06/12/16,12:47:04,12.847,99.600,0.2785,0.2480,12.8
06/12/16,13:47:05,12.340,97.000,0.2777,0.2480,11.9
06/12/16,14:47:06,13.281,96.800,0.2777,0.2465,12.8
06/12/16,15:47:07,14.385,96.000,0.2770,0.2458,13.8
06/12/16,16:47:08,15.223,97.400,0.2763,0.2443,14.8
06/12/16,17:47:09,14.146,93.400,0.2748,0.2436,13.1
06/12/16,18:47:10,12.847,90.400,0.2748,0.2429,11.3
06/12/16,19:47:11,12.485,94.600,0.2741,0.2422,11.7
06/12/16,20:47:12,9.336,92.200,0.2734,0.2414,8.1
06/12/16,21:47:13,7.569,92.400,0.2734,0.2414,6.4
06/12/16,22:47:14,7.167,92.700,0.2727,0.2400,6.1
06/12/16,23:47:15,6.813,94.400,0.2727,0.2400,6.0
07/12/16,00:47:16,6.408,93.400,0.2719,0.2400,5.4
07/12/16,01:47:17,5.847,93.100,0.2719,0.2392,4.8
07/12/16,02:47:18,5.745,92.800,0.2712,0.2392,4.7
07/12/16,03:47:19,6.077,94.100,0.2712,0.2392,5.2
07/12/16,04:47:20,6.077,94.000,0.2712,0.2385,5.2
07/12/16,05:47:21,5.975,94.100,0.2712,0.2385,5.1
07/12/16,06:47:22,6.839,95.800,0.2705,0.2385,6.2
07/12/16,07:47:23,8.120,96.500,0.2705,0.2385,7.6
07/12/16,08:47:24,9.386,96.200,0.2705,0.2385,8.8
07/12/16,09:47:25,11.467,91.900,0.2698,0.2378,10.2
07/12/16,10:47:26,12.992,81.100,0.2690,0.2371,9.8
07/12/16,11:47:27,13.882,78.300,0.2690,0.2363,10.2
07/12/16,12:47:28,14.888,77.400,0.2683,0.2363,11.0
07/12/16,13:47:29,15.581,76.300,0.2676,0.2349,11.4
07/12/16,14:47:30,16.439,79.200,0.2668,0.2342,12.8
07/12/16,15:47:31,16.606,78.900,0.2654,0.2334,12.9
07/12/16,16:47:32,16.582,78.300,0.2654,0.2327,12.8
07/12/16,17:47:33,15.748,77.200,0.2647,0.2313,11.8
07/12/16,18:47:34,14.409,76.400,0.2639,0.2305,10.3
07/12/16,19:47:35,12.606,78.900,0.2632,0.2298,9.1
07/12/16,20:47:36,9.928,79.200,0.2632,0.2291,6.5
07/12/16,21:47:37,8.866,81.900,0.2632,0.2291,6.0
07/12/16,22:47:38,8.295,82.700,0.2625,0.2284,5.5
07/12/16,23:47:39,7.870,81.900,0.2625,0.2284,5.0
08/12/16,00:47:40,7.519,81.600,0.2632,0.2276,4.6
08/12/16,01:47:41,7.268,82.300,0.2632,0.2276,4.5
08/12/16,02:47:42,7.469,83.900,0.2632,0.2269,4.9
08/12/16,03:47:43,8.045,86.900,0.2625,0.2269,6.0
08/12/16,04:47:44,8.020,87.200,0.2625,0.2269,6.0
08/12/16,05:47:45,8.245,88.900,0.2625,0.2269,6.5
08/12/16,06:47:46,8.767,89.600,0.2625,0.2262,7.2
08/12/16,07:47:47,9.682,88.900,0.2618,0.2262,8.0
08/12/16,08:47:48,10.858,84.900,0.2618,0.2254,8.4
08/12/16,09:47:49,11.953,82.300,0.2618,0.2254,9.0
08/12/16,10:47:50,12.437,81.800,0.2610,0.2247,9.4
08/12/16,11:47:51,11.856,83.900,0.2603,0.2247,9.2
08/12/16,12:47:52,10.173,94.300,0.2610,0.2262,9.3
08/12/16,13:47:53,9.952,99.200,0.3184,0.2879,9.8
08/12/16,14:47:54,9.928,100.000,0.3162,0.2843,9.9
08/12/16,15:47:55,9.682,100.000,0.3300,0.2836,9.7
08/12/16,16:47:56,9.139,100.000,0.3337,0.2952,9.1
08/12/16,17:47:57,7.970,99.400,0.3300,0.2836,7.9
08/12/16,18:47:58,7.645,100.000,0.3228,0.2763,7.7
08/12/16,19:47:59,6.763,99.700,0.3170,0.2727,6.7
08/12/16,20:48:00,6.306,99.600,0.3126,0.2705,6.3
08/12/16,21:48:01,6.230,99.900,0.3097,0.2683,6.2
08/12/16,22:48:02,5.719,99.400,0.3082,0.2705,5.6
08/12/16,23:48:03,5.257,99.500,0.3075,0.2690,5.2
09/12/16,00:48:04,5.282,99.400,0.3061,0.2683,5.2
09/12/16,01:48:05,5.231,99.200,0.3046,0.2668,5.1
09/12/16,02:48:06,4.636,98.500,0.3039,0.2661,4.4
09/12/16,03:48:07,4.115,97.900,0.3032,0.2668,3.8
09/12/16,04:48:08,3.354,97.400,0.3024,0.2668,3.0
09/12/16,05:48:09,3.221,97.300,0.3017,0.2661,2.8
09/12/16,06:48:10,3.116,97.200,0.3017,0.2654,2.7
09/12/16,07:48:11,4.089,98.600,0.3010,0.2647,3.9
09/12/16,08:48:12,4.350,99.600,0.3003,0.2647,4.3
09/12/16,09:48:13,5.949,100.000,0.2995,0.2639,6.0
09/12/16,10:48:14,7.895,100.000,0.2995,0.2632,7.9
09/12/16,11:48:15,8.045,100.000,0.2988,0.2625,8.1
09/12/16,12:48:16,9.064,100.000,0.2981,0.2618,9.1
09/12/16,13:48:17,10.492,100.000,0.2974,0.2603,10.5
09/12/16,14:48:18,10.565,99.900,0.2966,0.2596,10.6
09/12/16,15:48:19,11.078,99.800,0.2959,0.2589,11.1
09/12/16,16:48:20,11.565,98.900,0.2952,0.2574,11.4
09/12/16,17:48:21,11.029,96.100,0.2937,0.2567,10.4
09/12/16,18:48:22,10.247,93.900,0.2937,0.2560,9.3
09/12/16,19:48:23,8.891,93.700,0.2930,0.2552,7.9
09/12/16,20:48:24,4.402,88.100,0.2930,0.2545,2.6
09/12/16,21:48:25,2.850,88.400,0.2923,0.2538,1.1
09/12/16,22:48:26,1.832,86.200,0.2915,0.2530,-0.2
09/12/16,23:48:27,1.262,87.800,0.2908,0.2530,-0.5
10/12/16,00:48:28,1.126,92.300,0.2908,0.2523,0.0
10/12/16,01:48:29,0.605,90.300,0.2908,0.2523,-0.8
10/12/16,02:48:30,0.439,92.400,0.2908,0.2516,-0.7
10/12/16,03:48:31,-0.116,89.000,0.2901,0.2509,-1.7
10/12/16,04:48:32,-0.479,87.600,0.2901,0.2509,-2.3
10/12/16,05:48:33,-0.817,87.900,0.2894,0.2509,-2.6
10/12/16,06:48:34,0.051,91.500,0.2894,0.2509,-1.2
10/12/16,07:48:35,2.983,94.400,0.2894,0.2501,2.2
10/12/16,08:48:36,7.444,99.500,0.2894,0.2501,7.4
10/12/16,09:48:37,10.785,96.800,0.2894,0.2501,10.3
10/12/16,10:48:38,12.968,87.900,0.2886,0.2501,11.0
10/12/16,11:48:39,14.146,82.600,0.2879,0.2501,11.2
10/12/16,12:48:40,14.601,76.200,0.2879,0.2487,10.5
10/12/16,13:48:41,14.888,72.800,0.2872,0.2480,10.1
10/12/16,14:48:42,15.843,77.700,0.2865,0.2472,12.0
10/12/16,15:48:43,16.177,81.200,0.2857,0.2465,13.0
10/12/16,16:48:44,16.082,82.800,0.2850,0.2458,13.2
10/12/16,17:48:45,15.223,82.500,0.2843,0.2451,12.3
10/12/16,18:48:46,13.834,82.700,0.2843,0.2443,11.0
10/12/16,19:48:47,12.025,83.300,0.2836,0.2436,9.3
10/12/16,20:48:48,7.494,79.900,0.2836,0.2429,4.3
10/12/16,21:48:49,5.308,80.000,0.2836,0.2429,2.1
10/12/16,22:48:50,4.220,81.800,0.2828,0.2429,1.4
10/12/16,23:48:51,3.670,84.400,0.2828,0.2422,1.3
11/12/16,00:48:52,3.248,86.400,0.2828,0.2422,1.2
11/12/16,01:48:53,2.903,85.600,0.2828,0.2422,0.7
11/12/16,02:48:54,2.396,86.200,0.2828,0.2422,0.3
11/12/16,03:48:55,2.343,87.800,0.2821,0.2414,0.5
11/12/16,04:48:56,2.664,90.400,0.2821,0.2414,1.3
11/12/16,05:48:57,2.289,90.100,0.2814,0.2414,0.8
11/12/16,06:48:58,3.248,91.000,0.2821,0.2414,1.9
11/12/16,07:48:59,6.788,97.000,0.2814,0.2407,6.4
11/12/16,08:49:00,9.706,97.100,0.2814,0.2414,9.3
11/12/16,09:49:01,12.920,91.500,0.2814,0.2414,11.6
11/12/16,10:49:02,14.984,80.600,0.2814,0.2414,11.7
11/12/16,11:49:03,15.867,77.100,0.2806,0.2407,11.9
11/12/16,12:49:04,15.939,74.400,0.2799,0.2407,11.4
11/12/16,13:49:05,16.963,73.800,0.2792,0.2392,12.3
11/12/16,14:49:06,17.915,75.100,0.2785,0.2385,13.5
11/12/16,15:49:07,18.343,76.000,0.2777,0.2378,14.1
11/12/16,16:49:08,18.224,78.000,0.2777,0.2371,14.3
11/12/16,17:49:09,17.177,78.600,0.2770,0.2363,13.4
11/12/16,18:49:10,15.652,78.500,0.2763,0.2363,11.9
11/12/16,19:49:11,13.497,79.800,0.2763,0.2356,10.1
11/12/16,20:49:12,10.001,79.700,0.2763,0.2349,6.7
11/12/16,21:49:13,7.015,77.600,0.2763,0.2342,3.4
11/12/16,22:49:14,5.385,79.100,0.2756,0.2342,2.1
11/12/16,23:49:15,3.958,81.200,0.2756,0.2342,1.0
12/12/16,00:49:16,3.880,84.800,0.2756,0.2334,1.6
12/12/16,01:49:17,4.921,88.100,0.2756,0.2334,3.1
12/12/16,02:49:18,7.066,92.600,0.2756,0.2327,6.0
12/12/16,03:49:19,7.494,92.200,0.2756,0.2327,6.3
12/12/16,04:49:20,7.569,92.000,0.2748,0.2327,6.4
12/12/16,05:49:21,7.720,92.300,0.2748,0.2327,6.6
12/12/16,06:49:22,8.195,92.500,0.2748,0.2327,7.1
12/12/16,07:49:23,9.089,90.800,0.2748,0.2327,7.7
12/12/16,08:49:24,10.394,87.400,0.2748,0.2320,8.4
12/12/16,09:49:25,12.654,81.900,0.2748,0.2327,9.7
12/12/16,10:49:26,14.745,73.800,0.2741,0.2327,10.1
12/12/16,11:49:27,15.461,73.000,0.2741,0.2320,10.7
12/12/16,12:49:28,16.415,72.400,0.2734,0.2313,11.5
12/12/16,13:49:29,17.153,68.900,0.2727,0.2298,11.4
12/12/16,14:49:30,17.962,70.400,0.2719,0.2298,12.5
12/12/16,15:49:31,18.176,71.200,0.2712,0.2291,12.9
12/12/16,16:49:32,18.271,72.500,0.2712,0.2284,13.3
12/12/16,17:49:33,17.296,73.800,0.2705,0.2276,12.6
12/12/16,18:49:34,15.676,73.500,0.2705,0.2276,11.0
12/12/16,19:49:35,13.233,75.700,0.2698,0.2269,9.0
12/12/16,20:49:36,10.222,77.100,0.2698,0.2262,6.4
12/12/16,21:49:37,7.066,75.400,0.2698,0.2254,3.0
12/12/16,22:49:38,6.179,79.900,0.2698,0.2254,3.0
12/12/16,23:49:39,6.102,83.500,0.2690,0.2254,3.5
13/12/16,00:49:40,6.128,85.300,0.2690,0.2254,3.9
13/12/16,01:49:41,6.712,86.300,0.2690,0.2247,4.6
13/12/16,02:49:42,7.242,86.700,0.2690,0.2254,5.2
13/12/16,03:49:43,7.444,87.800,0.2690,0.2254,5.6
13/12/16,04:49:44,7.645,87.500,0.2690,0.2247,5.7
13/12/16,05:49:45,8.070,88.900,0.2690,0.2247,6.4
13/12/16,06:49:46,8.618,88.700,0.2690,0.2247,6.9
13/12/16,07:49:47,10.345,89.100,0.2690,0.2247,8.6
13/12/16,08:49:48,12.364,85.900,0.2690,0.2247,10.1
13/12/16,09:49:49,14.290,82.600,0.2683,0.2247,11.4
13/12/16,10:49:50,14.792,76.600,0.2683,0.2247,10.7
13/12/16,11:49:51,15.031,76.100,0.2683,0.2240,10.9
13/12/16,12:49:52,18.414,76.400,0.2676,0.2233,14.2
13/12/16,13:49:53,17.558,70.600,0.2661,0.2233,12.2
13/12/16,14:49:54,19.389,75.700,0.2661,0.2218,15.0
13/12/16,15:49:55,18.557,72.500,0.2654,0.2218,13.5
13/12/16,16:49:56,18.152,69.600,0.2647,0.2211,12.5
13/12/16,17:49:57,15.557,71.700,0.2647,0.2211,10.5
13/12/16,18:49:58,13.954,77.200,0.2654,0.2204,10.0
13/12/16,19:49:59,13.305,85.000,0.2647,0.2204,10.9
13/12/16,20:50:00,12.944,85.100,0.2647,0.2204,10.5
13/12/16,21:50:01,12.364,88.700,0.2647,0.2204,10.6
13/12/16,22:50:02,11.880,94.500,0.2647,0.2196,11.0
13/12/16,23:50:03,11.492,95.600,0.2647,0.2196,10.8
14/12/16,00:50:04,11.273,95.600,0.2647,0.2196,10.6
14/12/16,01:50:05,11.248,95.900,0.2647,0.2196,10.6
14/12/16,02:50:06,11.127,95.600,0.2647,0.2196,10.5
14/12/16,03:50:07,10.834,95.100,0.2647,0.2196,10.1
14/12/16,04:50:08,10.883,95.000,0.2647,0.2196,10.1
14/12/16,05:50:09,10.785,96.600,0.2654,0.2211,10.3
14/12/16,06:50:10,10.663,99.800,0.2937,0.2400,10.6
14/12/16,07:50:11,10.932,100.000,0.2901,0.2436,10.9
14/12/16,08:50:12,11.904,100.000,0.2872,0.2436,11.9
14/12/16,09:50:13,13.473,99.900,0.2850,0.2436,13.5
14/12/16,10:50:14,13.546,98.600,0.2836,0.2443,13.3
14/12/16,11:50:15,11.977,98.300,0.2821,0.2451,11.7
14/12/16,12:50:16,12.582,99.400,0.2806,0.2487,12.5
14/12/16,13:50:17,13.185,99.100,0.2806,0.2480,13.1
14/12/16,14:50:18,14.457,97.800,0.2799,0.2487,14.1
14/12/16,15:50:19,14.888,95.100,0.2777,0.2487,14.1
14/12/16,16:50:20,14.792,92.000,0.2777,0.2487,13.5
14/12/16,17:50:21,12.968,86.700,0.2763,0.2480,10.8
14/12/16,18:50:22,12.292,89.600,0.2763,0.2465,10.6
14/12/16,19:50:23,11.492,91.100,0.2748,0.2465,10.1
14/12/16,20:50:24,10.075,91.900,0.2741,0.2458,8.8
14/12/16,21:50:25,8.792,92.500,0.2741,0.2458,7.7
14/12/16,22:50:26,7.594,93.900,0.2741,0.2465,6.7
14/12/16,23:50:27,6.712,95.700,0.2734,0.2458,6.1
15/12/16,00:50:28,6.408,96.900,0.2734,0.2458,6.0
15/12/16,01:50:29,5.975,97.300,0.2727,0.2451,5.6
15/12/16,02:50:30,5.796,97.600,0.2727,0.2429,5.4
15/12/16,03:50:31,3.906,94.600,0.2719,0.2422,3.1
15/12/16,04:50:32,3.722,95.500,0.2719,0.2422,3.1
15/12/16,05:50:33,3.485,95.200,0.2712,0.2414,2.8
15/12/16,06:50:34,4.350,96.200,0.2712,0.2414,3.8
15/12/16,07:50:35,7.419,99.600,0.2712,0.2407,7.4
15/12/16,08:50:36,10.296,97.700,0.2712,0.2414,10.0
15/12/16,09:50:37,14.697,82.800,0.2712,0.2400,11.8
15/12/16,10:50:38,17.272,73.800,0.2698,0.2392,12.6
15/12/16,11:50:39,16.606,75.800,0.2698,0.2392,12.3
15/12/16,12:50:40,16.892,74.400,0.2690,0.2385,12.3
15/12/16,13:50:41,18.057,71.000,0.2683,0.2378,12.7
15/12/16,14:50:42,14.864,69.200,0.2676,0.2371,9.3
15/12/16,15:50:43,15.175,80.000,0.2668,0.2363,11.8
15/12/16,16:50:44,17.486,76.500,0.2668,0.2349,13.3
15/12/16,17:50:45,14.314,74.100,0.2661,0.2349,9.8
15/12/16,18:50:46,12.534,80.100,0.2661,0.2342,9.2
15/12/16,19:50:47,11.102,83.300,0.2661,0.2334,8.4
15/12/16,20:50:48,9.262,84.500,0.2661,0.2349,6.8
15/12/16,21:50:49,7.845,86.500,0.2654,0.2342,5.7
15/12/16,22:50:50,7.720,88.200,0.2654,0.2334,5.9
15/12/16,23:50:51,6.153,86.400,0.2654,0.2334,4.1
16/12/16,00:50:52,4.688,85.100,0.2647,0.2334,2.4
16/12/16,01:50:53,4.480,88.900,0.2647,0.2334,2.8
16/12/16,02:50:54,4.999,90.600,0.2647,0.2327,3.6
16/12/16,03:50:55,5.514,91.400,0.2647,0.2327,4.2
16/12/16,04:50:56,6.509,92.600,0.2647,0.2327,5.4
16/12/16,05:50:57,7.469,94.400,0.2647,0.2320,6.6
16/12/16,06:50:58,8.717,95.700,0.2647,0.2327,8.1
16/12/16,07:50:59,10.075,98.200,0.2647,0.2327,9.8
16/12/16,08:51:00,10.858,99.400,0.2654,0.2327,10.8
16/12/16,09:51:01,11.807,99.900,0.2654,0.2327,11.8
16/12/16,10:51:02,12.050,98.900,0.2654,0.2327,11.9
16/12/16,11:51:03,12.775,98.700,0.2654,0.2334,12.6
16/12/16,12:51:04,12.920,97.400,0.2654,0.2327,12.5
16/12/16,13:51:05,14.457,98.400,0.2647,0.2334,14.2
16/12/16,14:51:06,15.629,95.500,0.2639,0.2313,14.9
16/12/16,15:51:07,14.984,91.500,0.2647,0.2305,13.6
16/12/16,16:51:08,13.473,91.300,0.2639,0.2305,12.1
16/12/16,17:51:09,13.810,93.900,0.2639,0.2298,12.9
16/12/16,18:51:10,12.678,91.400,0.2639,0.2305,11.3
16/12/16,19:51:11,12.243,93.400,0.2639,0.2305,11.2
16/12/16,20:51:12,11.370,93.200,0.2639,0.2298,10.3
16/12/16,21:51:13,11.053,94.900,0.2639,0.2298,10.3
16/12/16,22:51:14,10.956,96.300,0.2639,0.2298,10.4
16/12/16,23:51:15,10.858,97.200,0.2632,0.2298,10.4
17/12/16,00:51:16,10.761,97.800,0.2639,0.2298,10.4
17/12/16,01:51:17,10.663,98.400,0.2632,0.2298,10.4
17/12/16,02:51:18,10.541,98.900,0.2632,0.2298,10.4
17/12/16,03:51:19,10.222,99.100,0.2632,0.2298,10.1
17/12/16,04:51:20,9.460,98.400,0.2632,0.2298,9.2
17/12/16,05:51:21,9.262,98.400,0.2632,0.2298,9.0
17/12/16,06:51:22,9.312,99.500,0.2632,0.2298,9.2
17/12/16,07:51:23,9.977,100.000,0.2632,0.2291,10.0
17/12/16,08:51:24,11.053,100.000,0.2632,0.2291,11.1
17/12/16,09:51:25,11.880,98.200,0.2639,0.2291,11.6
17/12/16,10:51:26,12.751,94.200,0.2632,0.2291,11.9
17/12/16,11:51:27,13.954,92.800,0.2632,0.2291,12.8
17/12/16,12:51:28,14.122,86.800,0.2625,0.2276,12.0
17/12/16,13:51:29,15.294,82.200,0.2618,0.2262,12.3
17/12/16,14:51:30,15.199,75.900,0.2610,0.2254,11.0
17/12/16,15:51:31,15.963,74.300,0.2596,0.2240,11.4
17/12/16,16:51:32,16.082,73.900,0.2596,0.2233,11.4
17/12/16,17:51:33,15.151,74.900,0.2589,0.2225,10.7
17/12/16,18:51:34,13.449,74.800,0.2581,0.2218,9.1
17/12/16,19:51:35,11.346,74.000,0.2581,0.2218,6.9
17/12/16,20:51:36,6.737,68.300,0.2581,0.2218,1.3
17/12/16,21:51:37,4.973,74.600,0.2610,0.2225,0.8
17/12/16,22:51:38,3.354,78.900,0.2785,0.2363,0.0
17/12/16,23:51:39,2.850,80.900,0.2865,0.2414,-0.1
18/12/16,00:51:40,1.778,79.100,0.2944,0.2465,-1.5
18/12/16,01:51:41,0.577,74.300,0.3024,0.2523,-3.5
18/12/16,02:51:42,-0.255,76.500,0.2240,0.1761,-3.9
18/12/16,03:51:43,-1.785,74.200,0.1390,0.0620,-5.8
18/12/16,04:51:44,-2.654,82.500,0.1107,-0.3650,-5.2
18/12/16,05:51:45,-2.421,98.700,0.0758,-0.3658,-2.6
18/12/16,06:51:46,-0.676,89.900,0.1354,0.0562,-2.1
18/12/16,07:51:47,3.063,86.400,0.2988,0.2494,1.0
18/12/16,08:51:48,7.066,76.200,0.2596,0.2204,3.2
18/12/16,09:51:49,11.321,62.600,0.2567,0.2189,4.5
18/12/16,10:51:50,14.194,53.100,0.2574,0.2196,4.8
18/12/16,11:51:51,14.266,51.300,0.2567,0.2182,4.4
18/12/16,12:51:52,14.218,50.800,0.2560,0.2175,4.2
18/12/16,13:51:53,14.816,53.500,0.2552,0.2167,5.5
18/12/16,14:51:54,15.199,53.100,0.2545,0.2160,5.7
18/12/16,15:51:55,14.888,55.500,0.2538,0.2153,6.1
18/12/16,16:51:56,14.218,57.700,0.2530,0.2146,6.0
18/12/16,17:51:57,13.040,59.000,0.2530,0.2138,5.2
18/12/16,18:51:58,11.370,61.600,0.2523,0.2138,4.3
18/12/16,19:51:59,9.213,66.100,0.2516,0.2131,3.2
18/12/16,20:52:00,5.205,70.100,0.2516,0.2124,0.2
18/12/16,21:52:01,3.880,76.300,0.2923,0.2392,0.1
18/12/16,22:52:02,5.282,82.200,0.2131,0.1630,2.5
18/12/16,23:52:03,4.272,80.000,0.1804,0.0904,1.1
19/12/16,00:52:04,5.282,85.700,0.1746,0.0845,3.1
19/12/16,01:52:05,6.051,87.000,0.2298,0.1441,4.1
19/12/16,02:52:06,6.204,87.800,0.2276,0.1419,4.3
19/12/16,03:52:07,5.847,88.200,0.2146,0.1259,4.1
19/12/16,04:52:08,5.257,87.700,0.1673,0.0802,3.4
19/12/16,05:52:09,5.770,89.700,0.1470,0.0693,4.2
19/12/16,06:52:10,6.535,91.300,0.1848,0.0969,5.2
19/12/16,07:52:11,8.220,93.000,0.2966,0.2371,7.2
19/12/16,08:52:12,9.903,90.900,0.2603,0.2175,8.5
19/12/16,09:52:13,13.088,85.800,0.2509,0.2124,10.8
19/12/16,10:52:14,14.936,75.600,0.2509,0.2124,10.7
19/12/16,11:52:15,15.223,73.300,0.2509,0.2131,10.5
19/12/16,12:52:16,15.748,68.400,0.2501,0.2124,10.0
19/12/16,13:52:17,16.058,66.700,0.2494,0.2116,9.9
19/12/16,14:52:18,16.415,70.100,0.2487,0.2109,11.0
19/12/16,15:52:19,16.654,70.000,0.2487,0.2109,11.2
19/12/16,16:52:20,16.463,70.200,0.2480,0.2102,11.0
19/12/16,17:52:21,15.557,70.100,0.2472,0.2095,10.1
19/12/16,18:52:22,14.505,71.800,0.2465,0.2087,9.5
19/12/16,19:52:23,12.847,73.700,0.2465,0.2080,8.3
19/12/16,20:52:24,10.296,75.200,-0.4006,-0.4006,6.1
19/12/16,21:52:25,537.327,1.000,-0.4006,-0.4006,177.1
19/12/16,22:52:26,537.327,1.000,-0.4006,-0.4006,177.1
19/12/16,23:52:27,537.327,1.000,-0.4006,-0.4006,177.1
20/12/16,00:52:28,537.327,1.000,-0.4006,-0.4006,177.1
20/12/16,01:52:29,537.327,1.000,-0.4006,-0.4006,177.1
20/12/16,02:52:30,537.327,1.000,-0.4006,-0.4006,177.1
20/12/16,03:52:31,537.327,1.000,-0.4006,-0.4006,177.1
20/12/16,04:52:32,537.327,1.000,-0.4006,-0.4006,177.1
20/12/16,05:52:33,537.327,1.000,-0.4006,-0.4006,177.1
20/12/16,06:52:34,537.327,1.000,-0.4006,-0.4006,177.1
20/12/16,07:52:35,254.869,83.200,-0.4006,-0.4006,244.6
20/12/16,08:52:36,537.327,1.000,-0.4006,-0.4006,177.1
20/12/16,09:52:37,537.327,1.000,-0.4006,-0.4006,177.1
20/12/16,10:52:38,537.327,1.000,-0.4006,-0.4006,177.1
20/12/16,11:52:39,254.869,100.000,-0.3592,-0.3730,255.3
20/12/16,12:52:40,10.565,100.000,0.1419,-0.3600,10.6
20/12/16,13:52:41,13.425,100.000,0.3540,0.2937,13.4
20/12/16,14:52:42,13.305,100.000,0.3235,0.2836,13.3
20/12/16,15:52:43,13.305,100.000,0.3061,0.2683,13.3
20/12/16,16:52:44,13.666,100.000,0.2974,0.2610,13.7
20/12/16,17:52:45,13.570,100.000,0.2952,0.2603,13.6
20/12/16,18:52:46,12.074,100.000,0.3119,0.2785,12.1
20/12/16,19:52:47,11.005,99.700,0.3264,0.2625,11.0
20/12/16,20:52:48,9.287,99.100,0.0620,-0.3643,9.2
